300005,
304007,
360001,
364003,
420004,
424005,
480007,
484009,
540002,
544003,
600005,
600056,
660000,
660051,
720003,
720054,
780005,
780056,
840000,
840051,
900003,
902004,
902055,
904006,
960000,
962001,
962052,
964003,
1020005,
1022006,
1022057,
1024008,
1080001,
1082002,
1082053,
1084004,
1140006,
1142007,
1142058,
1144009,
1200003,
1204004,
1260005,
1262006,
1262057,
1264008,
1320002,
1322003,
1322054,
1324005,
1380007,
1382008,
1382059,
1384010,
1440003,
1442004,
1442055,
1444006,
1500000,
1504001,
1560003,
1562004,
1562055,
1564006,
1620007,
1622008,
1622059,
1624010,
1680004,
1682005,
1682056,
1684007,
1740000,
1742001,
1742052,
1744003,
1800005,
1802006,
1802057,
1804008,
1860002,
1862003,
1862054,
1864005,
1920006,
1922007,
1922058,
1924009,
1980003,
1982004,
1982055,
1984006,
2040000,
2042001,
2042052,
2044003,
2100004,
2102005,
2102056,
2104007,
2160001,
2164002,
2220004,
2222005,
2222056,
2224007,
2280000,
2282001,
2282052,
2284003,
2340005,
2342006,
2342057,
2344008,
2400002,
2402003,
2402054,
2404005,
2460006,
2462007,
2462058,
2464009,
2520003,
2522004,
2522055,
2524006,
2580000,
2582001,
2582052,
2584003,
2640005,
2642006,
2642057,
2644008,
2700002,
2702003,
2702054,
2704005,
2760006,
2762007,
2762058,
2764009,
2820003,
2822004,
2822055,
2824006,
2880000,
2882001,
2882052,
2884003,
2940004,
2942005,
2942056,
2944007,
3000001,
3002002,
3002053,
3004004,
3060006,
3062007,
3062058,
3064009,
3120002,
3124003,
3180005,
3182006,
3182057,
3184008,
3240002,
3242003,
3242054,
3244005,
3300006,
3302007,
3302058,
3304009,
3360003,
3362004,
3362055,
3364006,
3420000,
3424001,
3480002,
3482003,
3482054,
3484005,
3540007,
3542008,
3542059,
3544010,
3600003,
3602004,
3602055,
3604006,
3660000,
3662001,
3662052,
3664003,
3720005,
3722006,
3722057,
3724008,
3780001,
3782002,
3782053,
3784004,
3840006,
3842007,
3842058,
3844009,
3900003,
3902004,
3902055,
3904006,
3960007,
3962008,
3962059,
3964010,
4020004,
4022005,
4022056,
4024007,
4080001,
4082002,
4082053,
4084004,
4140005,
4142006,
4142057,
4144008,
4200002,
4202003,
4202054,
4204005,
4260007,
4262008,
4262059,
4264010,
4320003,
4322004,
4322055,
4324006,
4380000,
4382001,
4382052,
4384003,
4440004,
4444005,
4500007,
4502008,
4502059,
4504010,
4560004,
4562005,
4562056,
4564007,
4620001,
4622002,
4622053,
4624004,
4680006,
4684007,
4740001,
4742002,
4742053,
4744004,
4800005,
4802006,
4802057,
4804008,
4860002,
4862003,
4862054,
4864005,
4920007,
4922008,
4922059,
4924010,
4980003,
4982004,
4982055,
4984006,
5040000,
5042001,
5042052,
5044003,
5100006,
5102007,
5102058,
5104009,
5160002,
5164003,
5220005,
5222006,
5222057,
5224008,
5280001,
5282002,
5282053,
5284004,
5340006,
5342007,
5342058,
5344009,
5400003,
5402004,
5402055,
5404006,
5460007,
5462008,
5462059,
5464010,
5520004,
5522005,
5522056,
5524007,
5580001,
5582002,
5582053,
5584004,
5640005,
5642006,
5642057,
5644008,
5700002,
5702003,
5702054,
5704005,
5760007,
5762008,
5762059,
5764010,
5820003,
5822004,
5822055,
5824006,
5880000,
5882001,
5882052,
5884003,
5940005,
5942006,
5942057,
5944008,
6000001,
6002002,
6002053,
6004004,
6060006,
6062007,
6062058,
6064009,
6120003,
6122004,
6122055,
6124006,
6180000,
6184001,
6240003,
6242004,
6242055,
6244006,
6300007,
6302008,
6302059,
6304010,
6360004,
6362005,
6362056,
6364007,
6420001,
6422002,
6422053,
6424004,
6480005,
6482006,
6482057,
6484008,
6540002,
6544003,
6600005,
6602006,
6602057,
6604008,
6660001,
6662002,
6662053,
6664004,
6720006,
6722007,
6722058,
6724009,
6780003,
6782004,
6782055,
6784006,
6840007,
6842008,
6842059,
6844010,
7140006,
7144007,
7200001,
7204002,
7260004,
7264005,
7320006,
7324007,
7380001,
7384002,
7440004,
7444005,
7500006,
7504007,
7560001,
7564002,
7620004,
7624005,
7680006,
7684007,
