300003,
304005,
360007,
364008,
420002,
424003,
480005,
484006,
540000,
544001,
600003,
604004,
660006,
664007,
720001,
724002,
780004,
784005,
840006,
844007,
900001,
900052,
960003,
960054,
1020006,
1020057,
1080000,
1080051,
1140003,
1140054,
1200006,
1200057,
1260000,
1260051,
1320003,
1320054,
1380005,
1380056,
1440000,
1440051,
1500003,
1502004,
1502055,
1504006,
1560000,
1562001,
1562052,
1564003,
1620005,
1622006,
1622057,
1624008,
1680002,
1682003,
1682054,
1684005,
1740007,
1742009,
1742060,
1744011,
1800005,
1802006,
1802057,
1804008,
1860002,
1864003,
1920005,
1922006,
1922057,
1924008,
1980002,
1982003,
1982054,
1984005,
2040007,
2042008,
2042059,
2044010,
2100001,
2102002,
2102053,
2104004,
2160006,
2164007,
2220001,
2222002,
2222053,
2224004,
2280005,
2282006,
2282057,
2284008,
2340001,
2342002,
2342053,
2344004,
2400006,
2402007,
2402058,
2404009,
2460003,
2462004,
2462055,
2464006,
2520007,
2522008,
2522059,
2524010,
2580004,
2582005,
2582056,
2584007,
2640001,
2642002,
2642053,
2644004,
2700006,
2702007,
2702058,
2704009,
2760003,
2764004,
2820006,
2822007,
2822058,
2824009,
2880002,
2882003,
2882054,
2884005,
2940007,
2942008,
2942059,
2944010,
3000004,
3002005,
3002056,
3004007,
3060000,
3062001,
3062052,
3064003,
3120004,
3122005,
3122056,
3124007,
3180000,
3182001,
3182052,
3184003,
3240005,
3242006,
3242057,
3244008,
3300002,
3302003,
3302054,
3304005,
3360007,
3362008,
3362059,
3364010,
3420004,
3422005,
3422056,
3424007,
3480000,
3482001,
3482052,
3484003,
3540004,
3542005,
3542056,
3544007,
3600001,
3604002,
3660003,
3662004,
3662055,
3664006,
3720000,
3722001,
3722052,
3724003,
3780005,
3782006,
3782057,
3784008,
3840002,
3842003,
3842054,
3844005,
3900006,
3902007,
3902058,
3904009,
3960003,
3962004,
3962055,
3964006,
4020000,
4022001,
4022052,
4024003,
4080005,
4082006,
4082057,
4084008,
4140001,
4142002,
4142053,
4144004,
4200006,
4204007,
4260001,
4262002,
4262053,
4264004,
4320006,
4322007,
4322058,
4324009,
4380003,
4382004,
4382055,
4384006,
4440000,
4442001,
4442052,
4444003,
4500004,
4502005,
4502056,
4504007,
4560002,
4562003,
4562054,
4564005,
4620007,
4622008,
4622059,
4624010,
4680004,
4682005,
4682056,
4684007,
4740000,
4742001,
4742052,
4744003,
4800005,
4802006,
4802057,
4804008,
4860002,
4864003,
4920005,
4922006,
4922057,
4924008,
4980002,
4982003,
4982054,
4984005,
5040006,
5042007,
5042058,
5044009,
5340005,
5344006,
5400000,
5404001,
5460002,
5464003,
5520005,
5524006,
5580000,
5584001,
5640003,
5644004,
5700006,
5704007,
5760001,
5764002,
5820004,
5824005,
5880007,
5884008,
