0.026666667,
0.053333335,
0.08,
0.10666667,
0.13333334,
0.16000001,
0.18666668,
0.21333335,
0.24000002,
0.26666668,
0.29333335,
0.32000002,
0.3466667,
0.37333336,
0.40000004,
0.4266667,
0.45333338,
0.48000005,
0.5066667,
0.53333336,
0.56,
0.58666664,
0.6133333,
0.6399999,
0.66666657,
0.6933332,
0.71999985,
0.7466665,
0.77333313,
0.7999998,
0.8266664,
0.85333306,
0.8799997,
0.90666634,
0.933333,
0.9599996,
0.98666626,
1.013333,
1.0399996,
1.0666662,
1.0933329,
1.1199995,
1.1466662,
1.1733328,
1.1999995,
1.2266661,
1.2533327,
1.2799994,
1.306666,
1.3333327,
1.3599993,
1.3866659,
1.4133326,
1.4399992,
1.4666659,
1.4933325,
1.5199991,
1.5466658,
1.5733324,
1.5999991,
1.6266657,
1.6533324,
1.679999,
1.7066656,
1.7333323,
1.7599989,
1.7866656,
1.8133322,
1.8399988,
1.8666655,
1.8933321,
1.9199988,
1.9466654,
1.973332,
1.9999987,
2.0266654,
2.053332,
2.0799987,
2.1066654,
2.133332,
2.1599987,
2.1866653,
2.213332,
2.2399986,
2.2666652,
2.2933319,
2.3199985,
2.3466651,
2.3733318,
2.3999984,
2.426665,
2.4533317,
2.4799984,
2.506665,
2.5333316,
2.5599983,
2.586665,
2.6133316,
2.6399982,
2.6666648,
2.6933315,
2.7199981,
2.7466648,
2.7733314,
2.799998,
2.8266647,
2.8533313,
2.879998,
2.9066646,
2.9333313,
2.959998,
2.9866645,
3.0133312,
3.0399978,
3.0666645,
3.093331,
3.1199977,
3.1466644,
3.173331,
3.1999977,
3.2266643,
3.253331,
3.2799976,
3.3066642,
3.3333309,
3.3599975,
3.3866642,
3.4133308,
3.4399974,
3.466664,
3.4933307,
3.5199974,
3.546664,
3.5733306,
3.5999973,
3.626664,
3.6533306,
3.6799972,
3.7066638,
3.7333305,
3.7599971,
3.7866638,
3.8133304,
3.839997,
3.8666637,
3.8933303,
3.919997,
3.9466636,
3.9733303,
3.999997,
4.026664,
4.0533304,
4.079997,
4.1066637,
4.1333303,
4.159997,
4.1866636,
4.2133303,
4.239997,
4.2666636,
4.29333,
4.319997,
4.3466635,
4.37333,
4.3999968,
4.4266634,
4.45333,
4.4799967,
4.5066633,
4.53333,
4.5599966,
4.5866632,
4.61333,
4.6399965,
4.666663,
4.69333,
4.7199965,
4.746663,
4.7733297,
4.7999964,
4.826663,
4.8533297,
4.8799963,
4.906663,
4.9333296,
4.959996,
4.986663,
5.0133295,
5.039996,
5.066663,
5.0933294,
5.119996,
5.1466627,
5.1733294,
5.199996,
5.2266626,
5.2533293,
5.279996,
5.3066626,
5.333329,
5.359996,
5.3866625,
5.413329,
5.439996,
5.4666624,
5.493329,
5.5199957,
5.5466623,
5.573329,
5.5999956,
5.6266623,
5.653329,
5.6799955,
5.706662,
5.733329,
5.7599955,
5.786662,
5.8133287,
5.8399954,
5.866662,
5.8933287,
5.9199953,
5.946662,
5.9733286,
5.999995,
6.026662,
6.0533285,
6.079995,
6.106662,
6.1333284,
6.159995,
6.1866617,
6.2133284,
6.239995,
6.2666616,
6.2933283,
6.319995,
6.3466616,
6.373328,
6.399995,
6.4266615,
6.453328,
6.479995,
6.5066614,
6.533328,
6.5599947,
6.5866613,
6.613328,
6.6399946,
6.6666613,
6.693328,
6.7199945,
6.746661,
6.773328,
6.7999945,
6.826661,
6.8533278,
6.8799944,
6.906661,
6.9333277,
6.9599943,
6.986661,
7.0133276,
7.0399942,
7.066661,
7.0933275,
7.119994,
7.146661,
7.1733274,
7.199994,
7.2266607,
7.2533274,
7.279994,
7.3066607,
7.3333273,
7.359994,
7.3866606,
7.413327,
7.439994,
7.4666605,
7.493327,
7.519994,
7.5466604,
7.573327,
7.5999937,
7.6266603,
7.653327,
7.6799936,
7.7066603,
7.733327,
7.7599936,
7.78666,
7.813327,
7.8399935,
7.86666,
7.8933268,
7.9199934,
7.94666,
7.9733267,
7.9999933,
8.02666,
8.053327,
8.079993,
8.10666,
8.133327,
8.159993,
8.18666,
8.213326,
8.239993,
8.26666,
8.293326,
8.319993,
8.34666,
8.373326,
8.399993,
8.42666,
8.453326,
8.479993,
8.5066595,
8.533326,
8.559993,
8.586659,
8.613326,
8.639993,
8.666659,
8.693326,
8.719993,
8.746659,
8.773326,
8.799993,
8.826659,
8.853326,
8.8799925,
8.906659,
8.933326,
8.959992,
8.986659,
9.013326,
9.039992,
9.066659,
9.093326,
9.119992,
9.146659,
9.173326,
9.199992,
9.226659,
9.253325,
9.279992,
9.306659,
9.333325,
9.359992,
9.386659,
9.413325,
9.439992,
9.466659,
9.493325,
9.519992,
9.5466585,
9.573325,
9.599992,
9.626658,
9.653325,
9.679992,
9.706658,
9.733325,
9.759992,
9.786658,
9.813325,
9.839992,
9.866658,
9.893325,
9.9199915,
9.946658,
9.973325,
9.999991,
10.026658,
10.053325,
10.079991,
10.106658,
10.133325,
10.159991,
10.186658,
10.213325,
10.239991,
10.266658,
10.293324,
10.319991,
10.346658,
10.373324,
10.399991,
10.426658,
10.453324,
10.479991,
10.506658,
10.533324,
10.559991,
10.586658,
10.613324,
10.639991,
10.666657,
10.693324,
10.719991,
10.746657,
10.773324,
10.799991,
10.826657,
10.853324,
10.879991,
10.906657,
10.933324,
10.9599905,
10.986657,
11.013324,
11.03999,
11.066657,
11.093324,
11.11999,
11.146657,
11.173324,
11.19999,
11.226657,
11.253324,
11.27999,
11.306657,
11.3333235,
11.35999,
11.386657,
11.413323,
11.43999,
11.466657,
11.493323,
11.51999,
11.546657,
11.573323,
11.59999,
11.626657,
11.653323,
11.67999,
11.706656,
11.733323,
11.75999,
11.786656,
11.813323,
11.83999,
11.866656,
11.893323,
11.91999,
11.946656,
11.973323,
11.9999895,
12.026656,
12.053323,
12.079989,
12.106656,
12.133323,
12.159989,
12.186656,
12.213323,
12.239989,
12.266656,
12.293323,
12.319989,
12.346656,
12.3733225,
12.399989,
12.426656,
12.453322,
12.479989,
12.506656,
12.533322,
12.559989,
12.586656,
12.613322,
12.639989,
12.666656,
12.693322,
12.719989,
12.746655,
12.773322,
12.799989,
12.826655,
12.853322,
12.879989,
12.906655,
12.933322,
12.959989,
12.986655,
13.013322,
13.0399885,
13.066655,
13.093322,
13.119988,
13.146655,
13.173322,
13.199988,
13.226655,
13.253322,
13.279988,
13.306655,
13.333322,
13.359988,
13.386655,
13.4133215,
13.439988,
13.466655,
13.493321,
13.519988,
13.546655,
13.573321,
13.599988,
13.626655,
13.653321,
13.679988,
13.706655,
13.733321,
13.759988,
13.786654,
13.813321,
13.839988,
13.866654,
13.893321,
13.919988,
13.946654,
13.973321,
13.999988,
14.026654,
14.053321,
14.079988,
14.106654,
14.133321,
14.159987,
14.186654,
14.213321,
14.239987,
14.266654,
14.293321,
14.319987,
14.346654,
14.373321,
14.399987,
14.426654,
14.4533205,
14.479987,
14.506654,
14.53332,
14.559987,
14.586654,
14.61332,
14.639987,
14.666654,
14.69332,
14.719987,
14.746654,
14.77332,
14.799987,
14.8266535,
14.85332,
14.879987,
14.906653,
14.93332,
14.959987,
14.986653,
15.01332,
15.039987,
15.066653,
15.09332,
15.119987,
15.146653,
15.17332,
15.199986,
15.226653,
15.25332,
15.279986,
15.306653,
15.33332,
15.359986,
15.386653,
15.41332,
15.439986,
15.466653,
15.4933195,
15.519986,
15.546653,
15.573319,
15.599986,
15.626653,
15.653319,
15.679986,
15.706653,
15.733319,
15.759986,
15.786653,
15.813319,
15.839986,
15.8666525,
15.893319,
15.919986,
15.946652,
15.973319,
15.999986,
16.026653,
16.05332,
16.079987,
16.106653,
16.13332,
16.159986,
16.186653,
16.21332,
16.239986,
16.266653,
16.29332,
16.319986,
16.346653,
16.37332,
16.399986,
16.426653,
16.45332,
16.479986,
16.506653,
16.53332,
16.559986,
16.586653,
16.61332,
16.639986,
16.666653,
16.69332,
16.719986,
16.746653,
16.77332,
16.799986,
16.826653,
16.85332,
16.879986,
16.906652,
16.93332,
16.959986,
16.986652,
17.013319,
17.039986,
17.066652,
17.093319,
17.119986,
17.146652,
17.173319,
17.199986,
17.226652,
17.253319,
17.279985,
17.306652,
17.333319,
17.359985,
17.386652,
17.413319,
17.439985,
17.466652,
17.493319,
17.519985,
17.546652,
17.573318,
17.599985,
17.626652,
17.653318,
17.679985,
17.706652,
17.733318,
17.759985,
17.786652,
17.813318,
17.839985,
17.866652,
17.893318,
17.919985,
17.946651,
17.973318,
17.999985,
18.026651,
18.053318,
18.079985,
18.106651,
18.133318,
18.159985,
18.186651,
18.213318,
18.239985,
18.266651,
18.293318,
18.319984,
18.346651,
18.373318,
18.399984,
18.426651,
18.453318,
18.479984,
18.50665,
18.533318,
18.559984,
18.58665,
18.613317,
18.639984,
18.66665,
18.693317,
18.719984,
18.74665,
18.773317,
18.799984,
18.82665,
18.853317,
18.879984,
18.90665,
18.933317,
18.959984,
18.98665,
19.013317,
19.039984,
19.06665,
19.093317,
19.119984,
19.14665,
19.173317,
19.199984,
19.22665,
19.253317,
19.279984,
19.30665,
19.333317,
19.359983,
19.38665,
19.413317,
19.439983,
19.46665,
19.493317,
19.519983,
19.54665,
19.573317,
19.599983,
19.62665,
19.653316,
19.679983,
19.70665,
19.733316,
19.759983,
19.78665,
19.813316,
19.839983,
19.86665,
19.893316,
19.919983,
19.94665,
19.973316,
19.999983,
20.02665,
20.053316,
20.079983,
20.10665,
20.133316,
20.159983,
20.18665,
20.213316,
20.239983,
20.26665,
20.293316,
20.319983,
20.34665,
20.373316,
20.399982,
20.42665,
20.453316,
20.479982,
20.506649,
20.533316,
20.559982,
20.586649,
20.613316,
20.639982,
20.666649,
20.693316,
20.719982,
20.746649,
20.773315,
20.799982,
20.826649,
20.853315,
20.879982,
20.906649,
20.933315,
20.959982,
20.986649,
21.013315,
21.039982,
21.066648,
21.093315,
21.119982,
21.146648,
21.173315,
21.199982,
21.226648,
21.253315,
21.279982,
21.306648,
21.333315,
21.359982,
21.386648,
21.413315,
21.439981,
21.466648,
21.493315,
21.519981,
21.546648,
21.573315,
21.599981,
21.626648,
21.653315,
21.679981,
21.706648,
21.733315,
21.759981,
21.786648,
21.813314,
21.839981,
21.866648,
21.893314,
21.919981,
21.946648,
21.973314,
21.99998,
22.026648,
22.053314,
22.07998,
22.106647,
22.133314,
22.15998,
22.186647,
22.213314,
22.23998,
22.266647,
22.293314,
22.31998,
22.346647,
22.373314,
22.39998,
22.426647,
22.453314,
22.47998,
22.506647,
22.533314,
22.55998,
22.586647,
22.613314,
22.63998,
22.666647,
22.693314,
22.71998,
22.746647,
22.773314,
22.79998,
22.826647,
22.853313,
22.87998,
22.906647,
22.933313,
22.95998,
22.986647,
23.013313,
23.03998,
23.066647,
23.093313,
23.11998,
23.146646,
23.173313,
23.19998,
23.226646,
23.253313,
23.27998,
23.306646,
23.333313,
23.35998,
23.386646,
23.413313,
23.43998,
23.466646,
23.493313,
23.51998,
23.546646,
23.573313,
23.59998,
23.626646,
23.653313,
23.67998,
23.706646,
23.733313,
23.75998,
23.786646,
23.813313,
23.83998,
23.866646,
23.893312,
23.91998,
23.946646,
23.973312,
23.999979,
24.026646,
24.053312,
24.079979,
24.106646,
24.133312,
24.159979,
24.186646,
24.213312,
24.239979,
24.266645,
24.293312,
24.319979,
24.346645,
24.373312,
24.399979,
24.426645,
24.453312,
24.479979,
24.506645,
24.533312,
24.559978,
24.586645,
24.613312,
24.639978,
24.666645,
24.693312,
24.719978,
24.746645,
24.773312,
24.799978,
24.826645,
24.853312,
24.879978,
24.906645,
24.933311,
24.959978,
24.986645,
25.013311,
25.039978,
25.066645,
25.093311,
25.119978,
25.146645,
25.173311,
25.199978,
25.226645,
25.253311,
25.279978,
25.306644,
25.333311,
25.359978,
25.386644,
25.413311,
25.439978,
25.466644,
25.49331,
25.519978,
25.546644,
25.57331,
25.599977,
25.626644,
25.65331,
25.679977,
25.706644,
25.73331,
25.759977,
25.786644,
25.81331,
25.839977,
25.866644,
25.89331,
25.919977,
25.946644,
25.97331,
25.999977,
26.026644,
26.05331,
26.079977,
26.106644,
26.13331,
26.159977,
26.186644,
26.21331,
26.239977,
26.266644,
26.29331,
26.319977,
26.346643,
26.37331,
26.399977,
26.426643,
26.45331,
26.479977,
26.506643,
26.53331,
26.559977,
26.586643,
26.61331,
26.639977,
26.666643,
26.69331,
26.719976,
26.746643,
26.77331,
26.799976,
26.826643,
26.85331,
26.879976,
26.906643,
26.93331,
26.959976,
26.986643,
27.01331,
27.039976,
27.066643,
27.09331,
27.119976,
27.146643,
27.17331,
27.199976,
27.226643,
27.25331,
27.279976,
27.306643,
27.33331,
27.359976,
27.386642,
27.41331,
27.439976,
27.466642,
27.493309,
27.519976,
27.546642,
27.573309,
27.599976,
27.626642,
27.653309,
27.679976,
27.706642,
27.733309,
27.759975,
27.786642,
27.813309,
27.839975,
27.866642,
27.893309,
27.919975,
27.946642,
27.973309,
27.999975,
28.026642,
28.053308,
28.079975,
28.106642,
28.133308,
28.159975,
28.186642,
28.213308,
28.239975,
28.266642,
28.293308,
28.319975,
28.346642,
28.373308,
28.399975,
28.426641,
28.453308,
28.479975,
28.506641,
28.533308,
28.559975,
28.586641,
28.613308,
28.639975,
28.666641,
28.693308,
28.719975,
28.746641,
28.773308,
28.799974,
28.826641,
28.853308,
28.879974,
28.906641,
28.933308,
28.959974,
28.98664,
29.013308,
29.039974,
29.06664,
29.093307,
29.119974,
29.14664,
29.173307,
29.199974,
29.22664,
29.253307,
29.279974,
29.30664,
29.333307,
29.359974,
29.38664,
29.413307,
29.439974,
29.46664,
29.493307,
29.519974,
29.54664,
29.573307,
29.599974,
29.62664,
29.653307,
29.679974,
29.70664,
29.733307,
29.759974,
29.78664,
29.813307,
29.839973,
29.86664,
29.893307,
29.919973,
29.94664,
29.973307,
29.999973,
30.02664,
30.053307,
30.079973,
30.10664,
30.133307,
30.159973,
30.18664,
30.213306,
30.239973,
30.26664,
30.293306,
30.319973,
30.34664,
30.373306,
30.399973,
30.42664,
30.453306,
30.479973,
30.50664,
30.533306,
30.559973,
30.58664,
30.613306,
30.639973,
30.66664,
30.693306,
30.719973,
30.74664,
30.773306,
30.799973,
30.82664,
30.853306,
30.879972,
30.90664,
30.933306,
30.959972,
30.986639,
31.013306,
31.039972,
31.066639,
31.093306,
31.119972,
31.146639,
31.173306,
31.199972,
31.226639,
31.253305,
31.279972,
31.306639,
31.333305,
31.359972,
31.386639,
31.413305,
31.439972,
31.466639,
31.493305,
31.519972,
31.546638,
31.573305,
31.599972,
31.626638,
31.653305,
31.679972,
31.706638,
31.733305,
31.759972,
31.786638,
31.813305,
31.839972,
31.866638,
31.893305,
31.919971,
31.946638,
31.973305,
31.999971,
32.026638,
32.053307,
32.079975,
32.106644,
32.133312,
32.15998,
32.18665,
32.213318,
32.239986,
32.266655,
32.293324,
32.319992,
32.34666,
32.37333,
32.399998,
32.426666,
32.453335,
32.480003,
32.50667,
32.53334,
32.56001,
32.586678,
32.613346,
32.640015,
32.666683,
32.69335,
32.72002,
32.74669,
32.773357,
32.800026,
32.826694,
32.853363,
32.88003,
32.9067,
32.93337,
32.960037,
32.986706,
33.013374,
33.040043,
33.06671,
33.09338,
33.12005,
33.146717,
33.173386,
33.200054,
33.226723,
33.25339,
33.28006,
33.30673,
33.333397,
33.360065,
33.386734,
33.413403,
33.44007,
33.46674,
33.49341,
33.520077,
33.546745,
33.573414,
33.600082,
33.62675,
33.65342,
33.680088,
33.706757,
33.733425,
33.760094,
33.786762,
33.81343,
33.8401,
33.866768,
33.893436,
33.920105,
33.946774,
33.973442,
34.00011,
34.02678,
34.053448,
34.080116,
34.106785,
34.133453,
34.160122,
34.18679,
34.21346,
34.240128,
34.266796,
34.293465,
34.320133,
34.3468,
34.37347,
34.40014,
34.426807,
34.453476,
34.480145,
34.506813,
34.53348,
34.56015,
34.58682,
34.613487,
34.640156,
34.666824,
34.693493,
34.72016,
34.74683,
34.7735,
34.800167,
34.826836,
34.853504,
34.880173,
34.90684,
34.93351,
34.96018,
34.986847,
35.013515,
35.040184,
35.066853,
35.09352,
35.12019,
35.14686,
35.173527,
35.200195,
35.226864,
35.253532,
35.2802,
35.30687,
35.333538,
35.360207,
35.386875,
35.413544,
35.440212,
35.46688,
35.49355,
35.520218,
35.546886,
35.573555,
35.600224,
35.626892,
35.65356,
35.68023,
35.706898,
35.733566,
35.760235,
35.786903,
35.813572,
35.84024,
35.86691,
35.893578,
35.920246,
35.946915,
35.973583,
36.00025,
36.02692,
36.05359,
36.080257,
36.106926,
36.133595,
36.160263,
36.18693,
36.2136,
36.24027,
36.266937,
36.293606,
36.320274,
36.346943,
36.37361,
36.40028,
36.42695,
36.453617,
36.480286,
36.506954,
36.533623,
36.56029,
36.58696,
36.61363,
36.640297,
36.666965,
36.693634,
36.720303,
36.74697,
36.77364,
36.80031,
36.826977,
36.853645,
36.880314,
36.906982,
36.93365,
36.96032,
36.986988,
37.013657,
37.040325,
37.066994,
37.093662,
37.12033,
37.147,
37.173668,
37.200336,
37.227005,
37.253674,
37.280342,
37.30701,
37.33368,
37.360348,
37.387016,
37.413685,
37.440353,
37.467022,
37.49369,
37.52036,
37.547028,
37.573696,
37.600365,
37.627033,
37.6537,
37.68037,
37.70704,
37.733707,
37.760376,
37.787045,
37.813713,
37.84038,
37.86705,
37.89372,
37.920387,
37.947056,
37.973724,
38.000393,
38.02706,
38.05373,
38.0804,
38.107067,
38.133736,
38.160404,
38.187073,
38.21374,
38.24041,
38.26708,
38.293747,
38.320415,
38.347084,
38.373753,
38.40042,
38.42709,
38.45376,
38.480427,
38.507095,
38.533764,
38.560432,
38.5871,
38.61377,
38.640438,
38.667107,
38.693775,
38.720444,
38.747112,
38.77378,
38.80045,
38.827118,
38.853786,
38.880455,
38.907124,
38.933792,
38.96046,
38.98713,
39.013798,
39.040466,
39.067135,
39.093803,
39.120472,
39.14714,
39.17381,
39.200478,
39.227146,
39.253815,
39.280483,
39.30715,
39.33382,
39.36049,
39.387157,
39.413826,
39.440495,
39.467163,
39.49383,
39.5205,
39.54717,
39.573837,
39.600506,
39.627174,
39.653843,
39.68051,
39.70718,
39.73385,
39.760517,
39.787186,
39.813854,
39.840523,
39.86719,
39.89386,
39.92053,
39.947197,
39.973866,
40.000534,
40.027203,
40.05387,
40.08054,
40.10721,
40.133877,
40.160545,
40.187214,
40.213882,
40.24055,
40.26722,
40.293888,
40.320557,
40.347225,
40.373894,
40.400562,
40.42723,
40.4539,
40.480568,
40.507236,
40.533905,
40.560574,
40.587242,
40.61391,
40.64058,
40.667248,
40.693916,
40.720585,
40.747253,
40.773922,
40.80059,
40.82726,
40.853928,
40.880596,
40.907265,
40.933933,
40.9606,
40.98727,
41.01394,
41.040607,
41.067276,
41.093945,
41.120613,
41.14728,
41.17395,
41.20062,
41.227287,
41.253956,
41.280624,
41.307293,
41.33396,
41.36063,
41.3873,
41.413967,
41.440636,
41.467304,
41.493973,
41.52064,
41.54731,
41.57398,
41.600647,
41.627316,
41.653984,
41.680653,
41.70732,
41.73399,
41.76066,
41.787327,
41.813995,
41.840664,
41.867332,
41.894,
41.92067,
41.94734,
41.974007,
42.000675,
42.027344,
42.054012,
42.08068,
42.10735,
42.134018,
42.160686,
42.187355,
42.214024,
42.240692,
42.26736,
42.29403,
42.320698,
42.347366,
42.374035,
42.400703,
42.427372,
42.45404,
42.48071,
42.507378,
42.534046,
42.560715,
42.587383,
42.61405,
42.64072,
42.66739,
42.694057,
42.720726,
42.747395,
42.774063,
42.80073,
42.8274,
42.85407,
42.880737,
42.907406,
42.934074,
42.960743,
42.98741,
43.01408,
43.04075,
43.067417,
43.094086,
43.120754,
43.147423,
43.17409,
43.20076,
43.22743,
43.254097,
43.280766,
43.307434,
43.334103,
43.36077,
43.38744,
43.41411,
43.440777,
43.467445,
43.494114,
43.520782,
43.54745,
43.57412,
43.60079,
43.627457,
43.654125,
43.680794,
43.707462,
43.73413,
43.7608,
43.787468,
43.814137,
43.840805,
43.867474,
43.894142,
43.92081,
43.94748,
43.974148,
44.000816,
44.027485,
44.054153,
44.080822,
44.10749,
44.13416,
44.160828,
44.187496,
44.214165,
44.240833,
44.2675,
44.29417,
44.32084,
44.347507,
44.374176,
44.400845,
44.427513,
44.45418,
44.48085,
44.50752,
44.534187,
44.560856,
44.587524,
44.614193,
44.64086,
44.66753,
44.6942,
44.720867,
44.747536,
44.774204,
44.800873,
44.82754,
44.85421,
44.88088,
44.907547,
44.934216,
44.960884,
44.987553,
45.01422,
45.04089,
45.06756,
45.094227,
45.120895,
45.147564,
45.174232,
45.2009,
45.22757,
45.25424,
45.280907,
45.307575,
45.334244,
45.360912,
45.38758,
45.41425,
45.440918,
45.467587,
45.494255,
45.520924,
45.547592,
45.57426,
45.60093,
45.627598,
45.654266,
45.680935,
45.707603,
45.734272,
45.76094,
45.78761,
45.814278,
45.840946,
45.867615,
45.894283,
45.92095,
45.94762,
45.97429,
46.000957,
46.027626,
46.054295,
46.080963,
46.10763,
46.1343,
46.16097,
46.187637,
46.214306,
46.240974,
46.267643,
46.29431,
46.32098,
46.34765,
46.374317,
46.400986,
46.427654,
46.454323,
46.48099,
46.50766,
46.53433,
46.560997,
46.587666,
46.614334,
46.641003,
46.66767,
46.69434,
46.72101,
46.747677,
46.774345,
46.801014,
46.827682,
46.85435,
46.88102,
46.90769,
46.934357,
46.961025,
46.987694,
47.014362,
47.04103,
47.0677,
47.094368,
47.121037,
47.147705,
47.174374,
47.201042,
47.22771,
47.25438,
47.281048,
47.307716,
47.334385,
47.361053,
47.387722,
47.41439,
47.44106,
47.467728,
47.494396,
47.521065,
47.547733,
47.5744,
47.60107,
47.62774,
47.654408,
47.681076,
47.707745,
47.734413,
47.76108,
47.78775,
47.81442,
47.841087,
47.867756,
47.894424,
47.921093,
47.94776,
47.97443,
48.0011,
48.027767,
48.054436,
48.081104,
48.107773,
48.13444,
48.16111,
48.18778,
48.214447,
48.241116,
48.267784,
48.294453,
48.32112,
48.34779,
48.37446,
48.401127,
48.427795,
48.454464,
48.481133,
48.5078,
48.53447,
48.56114,
48.587807,
48.614475,
48.641144,
48.667812,
48.69448,
48.72115,
48.747818,
48.774487,
48.801155,
48.827824,
48.854492,
48.88116,
48.90783,
48.934498,
48.961166,
48.987835,
49.014503,
49.041172,
49.06784,
49.09451,
49.121178,
49.147846,
49.174515,
49.201183,
49.22785,
49.25452,
49.28119,
49.307858,
49.334526,
49.361195,
49.387863,
49.41453,
49.4412,
49.46787,
49.494537,
49.521206,
49.547874,
49.574543,
49.60121,
49.62788,
49.65455,
49.681217,
49.707886,
49.734554,
49.761223,
49.78789,
49.81456,
49.84123,
49.867897,
49.894566,
49.921234,
49.947903,
49.97457,
50.00124,
50.02791,
50.054577,
50.081245,
50.107914,
50.134583,
50.16125,
50.18792,
50.21459,
50.241257,
50.267925,
50.294594,
50.321262,
50.34793,
50.3746,
50.401268,
50.427937,
50.454605,
50.481274,
50.507942,
50.53461,
50.56128,
50.587948,
50.614616,
50.641285,
50.667953,
50.694622,
50.72129,
50.74796,
50.774628,
50.801296,
50.827965,
50.854633,
50.8813,
50.90797,
50.93464,
50.961308,
50.987976,
51.014645,
51.041313,
51.06798,
51.09465,
51.12132,
51.147987,
51.174656,
51.201324,
51.227993,
51.25466,
51.28133,
51.308,
51.334667,
51.361336,
51.388004,
51.414673,
51.44134,
51.46801,
51.49468,
51.521347,
51.548016,
51.574684,
51.601353,
51.62802,
51.65469,
51.68136,
51.708027,
51.734695,
51.761364,
51.788033,
51.8147,
51.84137,
51.86804,
51.894707,
51.921375,
51.948044,
51.974712,
52.00138,
52.02805,
52.054718,
52.081387,
52.108055,
52.134724,
52.161392,
52.18806,
52.21473,
52.241398,
52.268066,
52.294735,
52.321404,
52.348072,
52.37474,
52.40141,
52.428078,
52.454746,
52.481415,
52.508083,
52.53475,
52.56142,
52.58809,
52.614758,
52.641426,
52.668095,
52.694763,
52.72143,
52.7481,
52.77477,
52.801437,
52.828106,
52.854774,
52.881443,
52.90811,
52.93478,
52.96145,
52.988117,
53.014786,
53.041454,
53.068123,
53.09479,
53.12146,
53.14813,
53.174797,
53.201466,
53.228134,
53.254803,
53.28147,
53.30814,
53.33481,
53.361477,
53.388145,
53.414814,
53.441483,
53.46815,
53.49482,
53.52149,
53.548157,
53.574825,
53.601494,
53.628162,
53.65483,
53.6815,
53.708168,
53.734837,
53.761505,
53.788174,
53.814842,
53.84151,
53.86818,
53.894848,
53.921516,
53.948185,
53.974854,
54.001522,
54.02819,
54.05486,
54.081528,
54.108196,
54.134865,
54.161533,
54.1882,
54.21487,
54.24154,
54.268208,
54.294876,
54.321545,
54.348213,
54.37488,
54.40155,
54.42822,
54.454887,
54.481556,
54.508224,
54.534893,
54.56156,
54.58823,
54.6149,
54.641567,
54.668236,
54.694904,
54.721573,
54.74824,
54.77491,
54.80158,
54.828247,
54.854916,
54.881584,
54.908253,
54.93492,
54.96159,
54.98826,
55.014927,
55.041595,
55.068264,
55.094933,
55.1216,
55.14827,
55.17494,
55.201607,
55.228275,
55.254944,
55.281612,
55.30828,
55.33495,
55.361618,
55.388287,
55.414955,
55.441624,
55.468292,
55.49496,
55.52163,
55.548298,
55.574966,
55.601635,
55.628304,
55.654972,
55.68164,
55.70831,
55.734978,
55.761646,
55.788315,
55.814983,
55.841652,
55.86832,
55.89499,
55.921658,
55.948326,
55.974995,
56.001663,
56.02833,
56.055,
56.08167,
56.108337,
56.135006,
56.161674,
56.188343,
56.21501,
56.24168,
56.26835,
56.295017,
56.321686,
56.348354,
56.375023,
56.40169,
56.42836,
56.45503,
56.481697,
56.508366,
56.535034,
56.561703,
56.58837,
56.61504,
56.64171,
56.668377,
56.695045,
56.721714,
56.748383,
56.77505,
56.80172,
56.82839,
56.855057,
56.881725,
56.908394,
56.935062,
56.96173,
56.9884,
57.015068,
57.041737,
57.068405,
57.095074,
57.121742,
57.14841,
57.17508,
57.201748,
57.228416,
57.255085,
57.281754,
57.308422,
57.33509,
57.36176,
57.388428,
57.415096,
57.441765,
57.468433,
57.495102,
57.52177,
57.54844,
57.575108,
57.601776,
57.628445,
57.655113,
57.68178,
57.70845,
57.73512,
57.761787,
57.788456,
57.815125,
57.841793,
57.86846,
57.89513,
57.9218,
57.948467,
57.975136,
58.001804,
58.028473,
58.05514,
58.08181,
58.10848,
58.135147,
58.161816,
58.188484,
58.215153,
58.24182,
58.26849,
58.29516,
58.321827,
58.348495,
58.375164,
58.401833,
58.4285,
58.45517,
58.48184,
58.508507,
58.535175,
58.561844,
58.588512,
58.61518,
58.64185,
58.668518,
58.695187,
58.721855,
58.748524,
58.775192,
58.80186,
58.82853,
58.855198,
58.881866,
58.908535,
58.935204,
58.961872,
58.98854,
59.01521,
59.041878,
59.068546,
59.095215,
59.121883,
59.148552,
59.17522,
59.20189,
59.228558,
59.255226,
59.281895,
59.308563,
59.33523,
59.3619,
59.38857,
59.415237,
59.441906,
59.468575,
59.495243,
59.52191,
59.54858,
59.57525,
59.601917,
59.628586,
59.655254,
59.681923,
59.70859,
59.73526,
59.76193,
59.788597,
59.815266,
59.841934,
59.868603,
59.89527,
59.92194,
59.94861,
59.975277,
60.001945,
60.028614,
60.055283,
60.08195,
60.10862,
60.13529,
60.161957,
60.188625,
60.215294,
60.241962,
60.26863,
60.2953,
60.321968,
60.348637,
60.375305,
60.401974,
60.428642,
60.45531,
60.48198,
60.508648,
60.535316,
60.561985,
60.588654,
60.615322,
60.64199,
60.66866,
60.695328,
60.721996,
60.748665,
60.775333,
60.802002,
60.82867,
60.85534,
60.882008,
60.908676,
60.935345,
60.962013,
60.98868,
61.01535,
61.04202,
61.068687,
61.095356,
61.122025,
61.148693,
61.17536,
61.20203,
61.2287,
61.255367,
61.282036,
61.308704,
61.335373,
61.36204,
61.38871,
61.4153