4084,
4091,
4108,
4124,
4141,
4157,
4174,
4191,
4209,
4226,
4242,
4257,
4276,
4291,
4308,
4325,
4342,
4359,
4376,
4393,
4409,
4425,
4443,
4459,
4476,
4492,
4509,
4526,
4542,
4559,
4576,
4592,
4609,
4625,
4643,
4659,
4675,
4693,
4709,
4726,
4742,
4758,
4775,
4792,
4808,
4826,
4843,
4859,
4876,
4891,
4909,
4926,
4942,
4959,
4976,
4992,
5009,
5026,
5042,
5059,
5076,
5092,
5109,
5126,
5142,
5159,
5176,
5192,
5209,
5226,
5243,
5259,
5275,
5292,
5309,
5326,
5343,
5358,
5375,
5391,
5408,
5425,
5441,
5458,
5475,
5492,
5510,
5526,
5543,
5559,
5576,
5592,
5609,
5626,
5642,
5659,
5676,
5693,
5709,
5726,
5742,
5759,
5776,
5793,
5809,
5825,
5842,
5859,
5876,
5892,
5910,
5925,
5942,
5958,
5974,
5991,
6008,
6025,
6041,
6058,
6075,
6092,
6109,
6126,
6142,
6159,
6176,
6192,
6209,
6226,
6243,
6259,
6275,
6292,
6309,
6326,
6343,
6359,
6376,
6393,
6408,
6425,
6443,
6458,
6475,
6492,
6508,
6525,
6541,
6558,
6575,
6593,
6609,
6625,
6642,
6659,
6676,
6692,
6708,
6726,
6743,
6759,
6775,
6792,
6809,
6826,
6842,
6859,
6876,
6892,
6909,
6926,
6943,
6959,
6976,
6992,
7009,
7025,
7041,
7058,
7075,
7092,
7109,
7126,
7142,
7159,
7175,
7193,
7209,
7226,
7242,
7259,
7276,
7292,
7309,
7326,
7343,
7359,
7376,
7392,
7409,
7425,
7443,
7458,
7474,
7491,
7508,
7524,
7542,
7559,
7575,
7592,
7609,
7626,
7643,
7658,
7674,
7691,
7708,
7725,
7742,
7758,
7775,
7792,
7809,
7825,
7843,
7860,
7875,
7892,
7908,
7924,
7941,
7959,
7975,
7992,
8009,
8026,
8041,
8058,
8075,
8091,
8108,
8124,
8141,
8159,
8175,
8192,
8209,
8226,
8242,
8259,
8276,
8292,
8309,
8325,
8343,
8358,
8375,
8392,
8409,
8426,
8442,
8459,
8476,
8492,
8508,
8525,
8542,
8558,
8575,
8592,
8608,
8626,
8643,
8660,
8676,
8692,
8709,
8726,
8743,
8759,
8776,
8793,
8809,
8826,
8843,
8859,
8876,
8892,
8910,
8926,
8942,
8959,
8975,
8992,
9010,
9025,
9042,
9059,
9076,
9092,
9109,
9126,
9141,
9158,
9175,
9191,
9208,
9224,
9242,
9259,
9276,
9292,
9308,
9325,
9342,
9359,
9375,
9393,
9409,
9426,
9443,
9460,
9476,
9492,
9509,
9526,
9542,
9559,
9576,
9592,
9609,
9624,
9642,
9658,
9674,
9691,
9708,
9725,
9742,
9759,
9776,
9792,
9810,
9826,
9842,
9859,
9875,
9892,
9909,
9925,
9942,
9959,
9975,
9991,
10009,
10026,
10042,
10059,
10075,
10093,
10109,
10126,
10142,
10159,
10176,
10193,
10208,
10225,
10241,
10258,
10275,
10291,
10308,
10325,
10342,
10359,
10375,
10392,
10409,
10425,
10442,
10458,
10474,
10491,
10508,
10524,
10541,
10558,
10575,
10593,
10609,
10626,
10642,
10659,
10676,
10693,
10710,
10726,
10743,
10759,
10776,
10793,
10808,
10826,
10841,
10858,
10875,
10892,
10908,
10925,
10942,
10959,
10976,
10992,
11010,
11025,
11042,
11059,
11075,
11093,
11109,
11126,
11142,
11159,
11176,
11192,
11209,
11225,
11242,
11259,
11276,
11293,
11308,
11326,
11341,
11358,
11374,
11391,
11408,
11426,
11442,
11459,
11476,
11493,
11509,
11525,
11542,
11558,
11574,
11591,
11608,
11626,
11642,
11658,
11676,
11692,
11709,
11726,
11743,
11759,
11776,
11791,
11809,
11825,
11841,
11858,
11875,
11892,
11908,
11925,
11942,
11958,
11975,
11993,
12009,
12026,
12041,
12058,
12074,
12091,
12108,
12125,
12142,
12159,
12175,
12192,
12208,
12225,
12242,
12258,
12275,
12292,
12309,
12326,
12342,
12359,
12376,
12391,
12409,
12424,
12441,
12458,
12475,
12493,
12509,
12526,
12543,
12560,
12576,
12592,
12610,
12626,
12642,
12659,
12676,
12692,
12709,
12727,
12743,
12759,
12776,
12792,
12808,
12826,
12842,
12859,
12875,
12892,
12909,
12926,
12941,
12959,
12975,
12991,
13008,
13025,
13042,
13059,
13076,
13092,
13109,
13126,
13143,
13159,
13177,
13192,
13209,
13225,
13242,
13260,
13277,
13292,
13309,
13326,
13342,
13359,
13376,
13392,
13408,
13426,
13442,
13458,
13475,
13492,
13508,
13525,
13542,
13559,
13576,
13593,
13610,
13625,
13643,
13659,
13676,
13693,
13710,
13726,
13742,
13760,
13776,
13793,
13809,
13826,
13843,
13860,
13875,
13893,
13909,
13925,
13942,
13959,
13975,
13992,
14008,
14025,
14043,
14059,
14076,
14093,
14109,
14126,
14142,
14160,
14176,
14193,
14209,
14226,
14243,
14259,
14275,
14293,
14310,
14326,
14343,
14359,
14375,
14392,
14410,
14427,
14443,
14460,
14476,
14492,
14509,
14526,
14543,
14560,
14577,
14593,
14609,
14625,
14642,
14658,
14675,
14691,
14709,
14725,
14742,
14759,
14777,
14792,
14809,
14827,
14843,
14859,
14876,
14893,
14909,
14926,
14943,
14959,
14975,
14992,
15008,
15025,
15042,
15058,
15075,
15093,
15110,
15126,
15143,
15159,
15176,
15192,
15209,
15227,
15242,
15259,
15275,
15291,
15309,
15325,
15342,
15359,
15375,
15393,
15408,
15425,
15441,
15459,
15476,
15493,
15509,
15526,
15543,
15559,
15576,
15593,
15610,
15626,
15643,
15659,
15676,
15693,
15709,
15727,
15744,
15760,
15776,
15793,
15810,
15825,
15843,
15859,
15876,
15892,
15910,
15926,
15943,
15960,
15975,
15993,
16009,
16026,
16042,
16059,
16075,
16093,
16109,
16127,
16143,
16160,
16177,
16192,
16209,
16226,
16243,
16259,
16276,
16293,
16309,
16327,
16343,
16359,
16377,
16394,
16410,
16426,
16443,
16460,
16477,
16493,
16509,
16525,
16542,
16560,
16576,
16593,
16610,
16627,
16642,
16660,
16677,
16694,
16710,
16726,
16743,
16759,
16776,
16793,
16810,
16826,
16843,
16860,
16876,
16893,
16910,
16926,
16944,
16960,
16976,
16993,
17009,
17026,
17043,
17059,
17076,
17093,
17111,
17127,
17144,
17159,
17176,
17194,
17209,
17226,
17242,
17259,
17277,
17293,
17309,
17326,
17343,
17360,
17376,
17393,
17410,
17426,
17443,
17461,
17477,
17493,
17509,
17526,
17542,
17559,
17576,
17593,
17610,
17626,
17644,
17660,
17676,
17693,
17710,
17726,
17743,
17760,
17776,
17793,
17810,
17826,
17843,
17860,
17876,
17894,
17909,
17927,
17944,
17958,
17975,
17992,
18009,
18026,
18042,
18060,
18076,
18094,
18111,
18127,
18143,
18159,
18177,
18192,
18210,
18227,
18243,
18260,
18276,
18294,
18310,
18327,
18343,
18359,
18376,
18393,
18411,
18426,
18444,
18459,
18476,
18493,
18510,
18527,
18542,
18559,
18576,
18593,
18610,
18626,
18642,
18660,
18676,
18693,
18710,
18727,
18743,
18760,
18777,
18793,
18810,
18827,
18843,
18860,
18877,
18893,
18910,
18927,
18944,
18960,
18977,
18994,
19010,
19026,
19044,
19059,
19076,
19092,
19109,
19127,
19143,
19161,
19175,
19193,
19209,
19226,
19244,
19260,
19277,
19294,
19311,
19327,
19343,
19359,
19376,
19393,
19410,
19427,
19443,
19460,
19477,
19493,
19510,
19527,
19543,
19560,
19577,
19593,
19610,
19626,
19643,
19660,
19677,
19694,
19711,
19727,
19743,
19760,
19776,
19794,
19810,
19827,
19843,
19860,
19877,
19894,
19910,
19926,
19944,
19960,
19975,
19992,
20009,
20027,
20043,
20059,
20077,
20092,
20110,
20126,
20143,
20159,
20177,
20194,
20210,
20227,
20245,
20260,
20277,
20292,
20309,
20326,
20343,
20361,
20376,
20393,
20409,
20426,
20444,
20460,
20476,
20493,
20510,
20527,
20544,
20561,
20577,
20593,
20610,
20627,
20643,
20661,
20677,
20694,
20710,
20727,
20744,
20759,
20776,
20793,
20810,
20826,
20843,
20859,
20876,
20893,
20910,
20926,
20944,
20961,
20978,
20994,
21010,
21027,
21043,
21060,
21077,
21095,
21110,
21126,
21143,
21162,
21177,
21194,
21210,
21227,
21243,
21260,
21277,
21294,
21311,
21327,
21344,
21361,
21377,
21394,
21411,
21428,
21443,
21460,
21477,
21493,
21510,
21527,
21544,
21561,
21578,
21594,
21611,
21627,
21644,
21661,
21677,
21694,
21710,
21727,
21744,
21761,
21778,
21794,
21811,
21827,
21845,
21860,
21878,
21894,
21910,
21928,
21944,
21961,
21976,
21995,
22011,
22027,
22044,
22061,
22077,
22093,
22110,
22127,
22144,
22160,
22177,
22194,
22211,
22227,
22243,
22260,
22277,
22294,
22311,
22328,
22345,
22360,
22378,
22394,
22410,
22427,
22444,
22460,
22477,
22494,
22511,
22528,
22544,
22560,
22577,
22594,
22610,
22627,
22644,
22661,
22678,
22694,
22711,
22728,
22744,
22760,
22777,
22794,
22811,
22827,
22845,
22861,
22877,
22894,
22911,
22928,
22944,
22961,
22978,
22994,
23011,
23028,
23043,
23060,
23078,
23093,
23110,
23128,
23145,
23160,
23178,
23195,
23210,
23227,
23245,
23260,
23277,
23294,
23311,
23328,
23344,
23361,
23377,
23394,
23411,
23428,
23444,
23460,
23477,
23495,
23510,
23528,
23544,
23561,
23578,
23594,
23611,
23627,
23644,
23661,
23678,
23694,
23710,
23727,
23743,
23760,
23777,
23794,
23811,
23827,
23844,
23861,
23878,
23894,
23911,
23936,
23943,
23960,
23976,
23992,
24009,
24027,
24043,
24060,
24077,
24094,
24110,
24128,
24144,
24161,
24177,
24195,
24210,
24227,
24244,
24261,
24277,
24294,
24311,
24328,
24344,
24361,
24378,
24395,
24411,
24428,
24444,
24461,
24478,
24494,
24511,
24528,
24544,
24561,
24577,
24594,
24611,
24627,
24644,
24660,
24677,
24694,
24711,
24727,
24744,
24761,
24778,
24794,
24811,
24827,
24844,
24861,
24878,
24893,
24910,
24926,
24943,
24960,
24976,
24994,
25011,
25028,
25044,
25061,
25078,
25094,
25111,
25127,
25144,
25160,
25177,
25194,
25211,
25228,
25244,
25260,
25276,
25293,
25310,
25326,
25343,
25361,
25377,
25394,
25411,
25428,
25444,
25461,
25477,
25494,
25511,
25527,
25544,
25561,
25578,
25594,
25611,
25627,
25644,
25661,
25677,
25693,
25709,
25726,
25744,
25761,
25777,
25794,
25811,
25827,
25844,
25861,
25877,
25895,
25911,
25927,
25944,
25961,
25978,
25993,
26010,
26028,
26044,
26061,
26078,
26094,
26111,
26127,
26144,
26161,
26178,
26194,
26211,
26228,
26244,
26261,
26278,
26294,
26311,
26328,
26344,
26361,
26378,
26394,
26411,
26428,
26444,
26461,
26477,
26494,
26511,
26528,
26545,
26561,
26577,
26594,
26611,
26627,
26644,
26661,
26677,
26694,
26711,
26728,
26744,
26761,
26778,
26794,
26811,
26828,
26844,
26861,
26878,
26894,
26911,
26928,
26944,
26961,
26978,
26994,
27011,
27028,
27044,
27060,
27077,
27094,
27111,
27127,
27144,
27161,
27178,
27194,
27210,
27228,
27244,
27261,
27278,
27294,
27311,
27327,
27344,
27361,
27377,
27395,
27411,
27428,
27445,
27461,
27478,
27494,
27511,
27528,
27544,
27561,
27578,
27594,
27611,
27628,
27644,
27661,
27678,
27694,
27711,
27728,
27744,
27761,
27778,
27795,
27811,
27827,
27844,
27862,
27877,
27894,
27910,
27927,
27945,
27961,
27978,
27994,
28011,
28028,
28045,
28061,
28078,
28095,
28111,
28127,
28144,
28161,
28178,
28194,
28211,
28228,
28245,
28261,
28278,
28294,
28311,
28328,
28344,
28361,
28378,
28395,
28411,
28428,
28444,
28461,
28478,
28494,
28511,
28528,
28545,
28562,
28578,
28594,
28611,
28628,
28645,
28661,
28677,
28694,
28711,
28728,
28744,
28761,
28778,
28795,
28811,
28828,
28844,
28862,
28877,
28895,
28912,
28927,
28944,
28961,
28978,
28994,
29011,
29028,
29045,
29061,
29078,
29094,
29111,
29128,
29144,
29161,
29178,
29194,
29211,
29227,
29244,
29261,
29278,
29294,
29311,
29328,
29344,
29361,
29377,
29394,
29411,
29428,
29444,
29461,
29477,
29495,
29511,
29528,
29544,
29561,
29578,
29594,
29611,
29628,
29645,
29661,
29678,
29695,
29712,
29728,
29745,
29761,
29778,
29794,
29810,
29828,
29844,
29861,
29878,
29894,
29911,
29928,
29945,
29961,
29978,
29995,
30012,
30028,
30045,
30061,
30078,
30094,
30111,
30128,
30144,
30161,
30178,
30194,
30211,
30228,
30245,
30260,
30277,
30294,
30310,
30327,
30344,
30361,
30378,
30394,
30411,
30428,
30445,
30462,
30478,
30494,
30511,
30528,
30545,
30561,
30578,
30595,
30611,
30628,
30644,
30660,
30677,
30695,
30711,
30728,
30745,
30761,
30778,
30795,
30811,
30827,
30845,
30861,
30878,
30894,
30912,
30928,
30944,
30961,
30977,
30994,
31012,
31028,
31045,
31061,
31078,
31094,
31110,
31127,
31144,
31162,
31178,
31194,
31211,
31228,
31245,
31261,
31278,
31294,
31312,
31328,
31344,
31361,
31378,
31395,
31411,
31428,
31445,
31462,
31478,
31495,
31511,
31528,
31545,
31562,
31578,
31594,
31611,
31629,
31644,
31661,
31678,
31695,
31712,
31728,
31745,
31761,
31778,
31795,
31811,
31828,
31844,
31861,
31877,
31894,
31911,
31928,
31945,
31962,
31978,
31995,
32011,
32028,
32044,
32061,
32078,
32094,
32112,
32128,
32144,
32161,
32178,
32195,
32211,
32228,
32245,
32262,
32278,
32295,
32312,
32328,
32345,
32361,
32378,
32395,
32412,
32428,
32445,
32462,
32478,
32494,
32512,
32529,
32545,
32562,
32578,
32595,
32612,
32628,
32645,
32662,
32678,
32695,
32712,
32728,
32745,
32761,
32778,
32795,
32812,
32828,
32845,
32861,
32878,
32895,
32911,
32928,
32944,
32961,
32978,
32994,
33012,
33028,
33044,
33061,
33078,
33095,
33112,
33128,
33145,
33161,
33179,
33195,
33211,
33228,
33245,
33262,
33278,
33295,
33312,
33328,
33345,
33361,
33378,
33395,
33412,
33428,
33445,
33461,
33478,
33495,
33512,
33528,
33545,
33562,
33578,
33595,
33612,
33628,
33645,
33661,
33679,
33695,
33711,
33728,
33745,
33761,
33779,
33795,
33811,
33828,
33844,
33862,
33878,
33894,
33912,
33928,
33945,
33961,
33978,
33995,
34011,
34028,
34045,
34062,
34078,
34095,
34111,
34128,
34145,
34161,
34178,
34195,
34211,
34228,
34245,
34261,
34278,
34295,
34311,
34328,
34345,
34362,
34378,
34395,
34412,
34429,
34445,
34462,
34479,
34495,
34512,
34529,
34546,
34562,
34578,
34595,
34612,
34628,
34645,
34662,
34678,
34695,
34712,
34728,
34746,
34762,
34778,
34795,
34811,
34827,
34844,
34861,
34877,
34895,
34912,
34928,
34946,
34961,
34978,
34995,
35012,
35029,
35045,
35062,
35078,
35095,
35112,
35129,
35145,
35162,
35178,
35195,
35211,
35228,
35245,
35262,
35277,
35294,
35311,
35327,
35344,
35360,
35378,
35395,
35411,
35429,
35446,
35462,
35479,
35494,
35512,
35529,
35545,
35562,
35578,
35595,
35611,
35629,
35645,
35662,
35679,
35695,
35712,
35728,
35745,
35761,
35778,
35795,
35812,
35828,
35845,
35862,
35879,
35895,
35912,
35928,
35945,
35961,
35979,
35996,
36012,
36029,
36045,
36061,
36078,
36095,
36112,
36129,
36145,
36162,
36178,
36195,
36212,
36229,
36245,
36262,
36279,
36295,
36311,
36328,
36346,
36362,
36378,
36395,
36412,
36429,
36446,
36462,
36479,
36496,
36512,
36529,
36545,
36562,
36578,
36595,
36612,
36628,
36645,
36662,
36678,
36695,
36712,
36728,
36744,
36762,
36779,
36795,
36812,
36829,
36845,
36862,
36879,
36895,
36912,
36929,
36945,
36962,
36979,
36995,
37012,
37029,
37045,
37062,
37078,
37095,
37112,
37128,
37145,
37162,
37179,
37195,
37212,
37229,
37246,
37262,
37279,
37295,
37312,
37329,
37346,
37363,
37379,
37395,
37412,
37428,
37445,
37462,
37479,
37496,
37512,
37528,
37546,
37562,
37579,
37595,
37612,
37629,
37645,
37662,
37679,
37696,
37712,
37729,
37746,
37762,
37779,
37795,
37813,
37829,
37845,
37862,
37878,
37895,
37912,
37929,
37946,
37963,
37978,
37995,
38012,
38029,
38045,
38061,
38079,
38095,
38111,
38129,
38145,
38162,
38179,
38196,
38212,
38228,
38245,
38262,
38279,
38295,
38312,
38329,
38346,
38362,
38378,
38396,
38412,
38429,
38445,
38462,
38479,
38495,
38512,
38529,
38545,
38562,
38579,
38596,
38612,
38629,
38645,
38662,
38679,
38695,
38712,
38729,
38746,
38762,
38779,
38795,
38813,
38829,
38846,
38862,
38878,
38895,
38912,
38929,
38945,
38962,
38978,
38995,
39012,
39028,
39045,
39063,
39079,
39096,
39112,
39129,
39146,
39162,
39179,
39196,
39213,
39230,
39245,
39263,
39279,
39296,
39312,
39329,
39345,
39363,
39379,
39396,
39412,
39429,
39445,
39462,
39479,
39495,
39512,
39529,
39546,
39562,
39579,
39596,
39611,
39628,
39646,
39662,
39679,
39696,
39712,
39729,
39745,
39762,
39778,
39796,
39813,
39828,
39845,
39862,
39879,
39895,
39912,
39929,
39945,
39962,
39978,
39996,
40012,
40029,
40044,
40062,
40079,
40095,
40112,
40129,
40145,
40162,
40179,
40195,
40212,
40229,
40245,
40263,
40279,
40295,
40313,
40328,
40345,
40362,
40379,
40396,
40412,
40429,
40446,
40462,
40479,
40496,
40512,
40529,
40546,
40562,
40579,
40596,
40613,
40628,
40644,
40662,
40679,
40696,
40712,
40729,
40746,
40763,
40779,
40795,
40812,
40829,
40845,
40862,
40879,
40896,
40913,
40929,
40945,
40962,
40979,
40995,
41012,
41029,
41046,
41062,
41079,
41096,
41113,
41130,
41146,
41163,
41179,
41196,
41213,
41229,
41246,
41263,
41280,
41295,
41312,
41329,
41346,
41362,
41380,
41396,
41412,
41428,
41446,
41463,
41479,
41496,
41512,
41530,
41546,
41563,
41579,
41596,
41612,
41629,
41646,
41662,
41679,
41696,
41712,
41729,
41746,
41762,
41779,
41796,
41813,
41829,
41846,
41863,
41879,
41896,
41912,
41929,
41946,
41962,
41979,
41996,
42013,
42030,
42046,
42063,
42080,
42096,
42113,
42129,
42146,
42163,
42179,
42195,
42212,
42229,
42246,
42262,
42280,
42296,
42313,
42329,
42346,
42362,
42379,
42396,
42413,
42429,
42446,
42463,
42480,
42496,
42512,
42529,
42546,
42563,
42579,
42595,
42613,
42629,
42646,
42663,
42679,
42696,
42713,
42729,
42746,
42763,
42779,
42796,
42812,
42830,
42846,
42862,
42879,
42895,
42912,
42930,
42946,
42963,
42979,
42996,
43013,
43030,
43046,
43063,
43079,
43096,
43112,
43130,
43146,
43163,
43179,
43196,
43212,
43229,
43246,
43263,
43280,
43296,
43313,
43330,
43347,
43363,
43379,
43396,
43413,
43429,
43446,
43463,
43479,
43497,
43513,
43530,
43546,
43562,
43580,
43596,
43613,
43630,
43646,
43662,
43679,
43696,
43713,
43729,
43746,
43762,
43786,
43796,
43812,
43828,
43845,
43862,
43879,
43896,
43913,
439