300008,
304009,
360002,
364003,
420004,
424005,
480007,
484008,
540001,
544002,
600004,
600055,
660007,
660058,
720001,
720052,
780005,
780056,
840008,
840059,
900002,
902003,
902054,
904005,
960007,
962008,
962059,
964010,
1020004,
1022005,
1022056,
1024007,
1080000,
1082001,
1082052,
1084003,
1140006,
1144007,
1200001,
1202002,
1202053,
1204004,
1260005,
1262006,
1262057,
1264008,
1320002,
1322003,
1322054,
1324005,
1380006,
1382007,
1382058,
1384009,
1440003,
1442004,
1442055,
1444006,
1500000,
1502001,
1502052,
1504003,
1560004,
1562005,
1562056,
1564007,
1620001,
1622002,
1622053,
1624004,
1680006,
1682007,
1682058,
1684009,
1740002,
1742003,
1742054,
1744005,
1800007,
1802008,
1802059,
1804010,
1860004,
1864005,
1920006,
1922007,
1922058,
1924009,
1980003,
1982004,
1982055,
1984006,
2040000,
2042001,
2042052,
2044003,
2100004,
2102005,
2102056,
2104007,
2160001,
2164002,
2220003,
2222004,
2222055,
2224006,
2280000,
2282001,
2282052,
2284003,
2340005,
2342006,
2342057,
2344008,
2400001,
2402002,
2402053,
2404004,
2460006,
2462007,
2462058,
2464009,
2520003,
2522004,
2522055,
2524006,
2580007,
2582008,
2582059,
2584010,
2640005,
2642006,
2642057,
2644008,
2700002,
2702003,
2702054,
2704005,
2760006,
2762007,
2762058,
2764009,
2820003,
2822004,
2822055,
2824006,
2880000,
2882001,
2882052,
2884003,
2940004,
2942005,
2942056,
2944007,
3000001,
3002002,
3002053,
3004004,
3060006,
3062007,
3062058,
3064009,
3120003,
3122004,
3122055,
3124006,
3180000,
3184001,
3240002,
3242003,
3242054,
3244005,
3300007,
3302008,
3302059,
3304010,
3360004,
3362005,
3362056,
3364007,
3420005,
3422006,
3422057,
3424008,
3480002,
3482003,
3482054,
3484005,
3540007,
3542008,
3542059,
3544010,
3600003,
3604004,
3660006,
3662007,
3662058,
3664009,
3720003,
3722004,
3722055,
3724006,
3780007,
3782008,
3782059,
3784010,
3840004,
3842005,
3842056,
3844007,
3900001,
3902002,
3902053,
3904004,
3960005,
3962006,
3962057,
3964008,
4020002,
4022003,
4022054,
4024005,
4080006,
4084007,
4140001,
4142002,
4142053,
4144004,
4200006,
4202007,
4202058,
4204009,
4260002,
4262003,
4262054,
4264005,
4320007,
4322008,
4322059,
4324010,
4380004,
4382005,
4382056,
4384007,
4440000,
4442001,
4442052,
4444003,
4740008,
4744009,
4800002,
4804003,
4860005,
4864006,
4920007,
4924008,
4980002,
4984003,
5040005,
5044006,
5100007,
5104008,
5160002,
5164003,
5220005,
5224006,
5280007,
5284008,
