300008,
304009,
360002,
364003,
420005,
424006,
480007,
484008,
540002,
544003,
600004,
600015,
660001,
660012,
720005,
720016,
780002,
780013,
840006,
840017,
900003,
902004,
902015,
904006,
960000,
962001,
962012,
964003,
1020004,
1022005,
1022016,
1024007,
1080001,
1082002,
1082013,
1084004,
1140005,
1142006,
1142017,
1144008,
1200002,
1202003,
1202014,
1204005,
1260006,
1264007,
1320001,
1322002,
1322013,
1324004,
1380006,
1382007,
1382018,
1384009,
1440003,
1442004,
1442015,
1444006,
1500000,
1502001,
1502012,
1504003,
1560005,
1562006,
1562017,
1564008,
1620002,
1622003,
1622014,
1624005,
1680006,
1684007,
1740001,
1742002,
1742013,
1744004,
1800005,
1802006,
1802017,
1804008,
1860002,
1862003,
1862014,
1864005,
1920007,
1922008,
1922019,
1924010,
1980005,
1982006,
1982017,
1984008,
2040001,
2042002,
2042013,
2044004,
2100006,
2102007,
2102018,
2104009,
2160003,
2162004,
2162015,
2164006,
2220000,
2222001,
2222012,
2224003,
2280005,
2282006,
2282017,
2284008,
2340001,
2344002,
2400004,
2402005,
2402016,
2404007,
2460000,
2462001,
2462012,
2464003,
2520005,
2522006,
2522017,
2524008,
2580002,
2582003,
2582014,
2584005,
2640007,
2642008,
2642019,
2644010,
2700004,
2702005,
2702016,
2704007,
2760001,
2762002,
2762013,
2764004,
2820006,
2822007,
2822018,
2824009,
2880002,
2882003,
2882014,
2884005,
2940007,
2942008,
2942019,
2944010,
3000003,
3004004,
3060006,
3062007,
3062018,
3064009,
3120003,
3122004,
3122015,
3124006,
3180000,
3182001,
3182012,
3184003,
3240004,
3242005,
3242016,
3244007,
3300001,
3302002,
3302013,
3304004,
3360005,
3362006,
3362017,
3364008,
3420002,
3422003,
3422014,
3424005,
3480006,
3482007,
3482018,
3484009,
3540002,
3542003,
3542014,
3544005,
3600007,
3604008,
3660001,
3662002,
3662013,
3664004,
3720006,
3722007,
3722018,
3724009,
3780003,
3782004,
3782015,
3784006,
3840000,
3842001,
3842012,
3844003,
3900005,
3902006,
3902017,
3904008,
3960002,
3962003,
3962014,
3964005,
4020007,
4022008,
4022019,
4024010,
4080004,
4084005,
4140007,
4142008,
4142019,
4144010,
4200004,
4202005,
4202016,
4204007,
4260000,
4262001,
4262012,
4264003,
4320005,
4322006,
4322017,
4324008,
4380001,
4382002,
4382013,
4384004,
4440006,
4442007,
4442018,
4444009,
4740006,
4744007,
4800000,
4804001,
4860003,
4864004,
4920005,
4924006,
4980000,
4984001,
5040003,
5044004,
5100006,
5104007,
5160001,
5164002,
5220003,
5224004,
5280006,
5284007,
