10000,
10018,
10035,
10051,
10068,
10083,
10099,
10117,
10134,
10150,
10168,
10185,
10200,
10217,
10234,
10251,
10267,
10284,
10301,
10318,
10334,
10351,
10368,
10383,
10401,
10418,
10434,
10452,
10467,
10483,
10502,
10518,
10535,
10551,
10568,
10584,
10601,
10618,
10635,
10650,
10668,
10684,
10701,
10717,
10735,
10751,
10769,
10783,
10801,
10818,
10833,
10851,
10868,
10885,
10901,
10918,
10935,
10951,
10967,
10984,
11001,
11018,
11033,
11051,
11066,
11083,
11099,
11117,
11134,
11151,
11168,
11185,
11201,
11218,
11234,
11251,
11267,
11285,
11300,
11318,
11335,
11352,
11367,
11384,
11401,
11418,
11435,
11451,
11468,
11484,
11501,
11517,
11535,
11550,
11568,
11584,
11601,
11618,
11633,
11649,
11666,
11684,
11701,
11718,
11733,
11751,
11768,
11785,
11800,
11818,
11834,
11851,
11867,
11884,
11902,
11917,
11934,
11951,
11967,
11985,
12001,
25003,
25019,
25035,
25052,
25069,
25086,
25103,
25120,
25135,
25152,
25169,
25185,
25202,
25219,
25236,
25252,
25269,
25285,
25303,
25319,
25336,
25353,
25369,
25385,
25402,
25418,
25436,
25452,
25469,
25485,
25502,
25519,
25535,
25552,
25569,
25585,
25602,
25619,
25635,
25653,
25669,
25685,
25701,
25718,
25734,
25751,
25768,
25784,
25802,
25818,
25835,
25852,
25869,
25885,
25903,
25919,
25936,
25952,
25968,
25985,
26003,
26019,
26035,
26053,
26068,
26086,
26102,
26118,
26136,
26151,
26169,
26185,
26203,
26219,
26236,
26252,
26269,
26286,
26302,
26320,
26336,
26352,
26368,
26386,
26402,
26419,
26436,
26452,
26469,
26486,
26501,
26519,
26536,
26553,
26568,
26585,
26603,
26619,
26636,
26652,
26669,
26686,
26702,
26719,
26736,
26753,
26769,
26786,
26803,
26819,
26836,
26852,
26870,
26886,
26902,
26919,
26936,
26952,
26969,
26986,
27002,
40004,
40021,
40037,
40053,
40071,
40086,
40103,
40120,
40137,
40154,
40171,
40187,
40204,
40221,
40237,
40254,
40271,
40287,
40303,
40320,
40337,
40354,
40371,
40387,
40404,
40421,
40437,
40454,
40471,
40488,
40505,
40520,
40537,
40554,
40569,
40587,
40604,
40620,
40638,
40654,
40670,
40687,
40704,
40720,
40737,
40754,
40771,
40788,
40804,
40820,
40838,
40853,
40870,
40887,
40904,
40920,
40937,
40955,
40971,
40987,
41004,
41021,
41037,
41053,
41071,
41087,
41104,
41120,
41137,
41154,
41171,
41188,
41204,
41220,
41237,
41253,
41271,
41287,
41304,
41320,
41337,
41354,
41370,
41388,
41404,
41420,
41438,
41454,
41471,
41488,
41505,
41521,
41538,
41555,
41570,
41587,
41604,
41621,
41637,
41654,
41671,
41687,
41704,
41721,
41737,
41754,
41770,
41788,
41804,
41821,
41838,
41854,
41871,
41888,
41904,
41921,
41938,
41954,
41971,
41987,
42004,
55005,
55022,
55039,
55056,
55073,
55089,
55106,
55123,
55139,
55156,
55172,
55190,
55205,
55222,
55239,
55256,
55273,
55289,
55306,
55322,
55340,
55356,
55372,
55389,
55406,
55422,
55439,
55456,
55473,
55489,
55506,
55522,
55540,
55556,
55572,
55589,
55606,
55623,
55639,
55656,
55673,
55689,
55706,
55723,
55739,
55756,
55773,
55790,
55806,
55823,
55840,
55856,
55873,
55889,
55906,
55923,
55939,
55956,
55973,
55989,
56006,
56023,
56039,
56056,
56073,
56088,
56105,
56122,
56139,
56156,
56173,
56190,
56206,
56223,
56239,
56256,
56273,
56289,
56306,
56322,
56339,
56356,
56373,
56390,
56406,
56423,
56440,
56457,
56473,
56489,
56506,
56523,
56539,
56557,
56572,
56590,
56606,
56623,
56639,
56656,
56672,
56690,
56706,
56723,
56739,
56756,
56772,
56789,
56806,
56823,
56840,
56856,
56873,
56890,
56906,
56923,
56939,
56956,
56973,
56989,
57005,
70013,
70030,
70046,
70064,
70079,
70096,
70113,
70130,
70146,
70164,
70180,
70197,
70213,
70230,
70247,
70264,
70280,
70296,
70313,
70330,
70347,
70363,
70380,
70396,
70413,
70430,
70446,
70463,
70480,
70496,
70513,
70529,
70546,
70563,
70579,
70596,
70613,
70630,
70647,
70662,
70679,
70696,
70713,
70730,
70746,
70763,
70780,
70795,
70813,
70829,
70847,
70862,
70879,
70896,
70913,
70930,
70946,
70963,
70980,
70996,
71013,
71030,
71046,
71063,
71080,
71096,
71113,
71130,
71147,
71162,
71179,
71197,
71213,
71230,
71247,
71263,
71279,
71296,
71313,
71329,
71346,
71362,
71379,
71396,
71413,
71430,
71446,
71463,
71480,
71496,
71513,
71530,
71546,
71564,
71580,
71597,
71613,
71630,
71647,
71663,
71680,
71696,
71714,
71730,
71747,
71763,
71780,
71796,
71813,
71830,
71847,
71863,
71880,
71897,
71914,
71930,
71947,
71964,
71981,
71997,
72013,
85015,
85032,
85049,
85066,
85080,
85097,
85114,
85132,
85147,
85165,
85181,
85198,
85215,
85231,
85248,
85266,
85281,
85299,
85314,
85331,
85349,
85364,
85382,
85399,
85414,
85432,
85447,
85465,
85481,
85498,
85515,
85531,
85548,
85565,
85581,
85597,
85614,
85632,
85648,
85665,
85682,
85699,
85715,
85732,
85749,
85765,
85781,
85798,
85815,
85832,
85849,
85864,
85882,
85899,
85915,
85932,
85949,
85965,
85982,
85998,
86015,
86032,
86048,
86064,
86081,
86099,
86115,
86131,
86149,
86166,
86181,
86199,
86216,
86232,
86249,
86264,
86282,
86299,
86315,
86332,
86348,
86364,
86381,
86399,
86415,
86432,
86449,
86465,
86482,
86497,
86515,
86531,
86548,
86565,
86582,
86598,
86615,
86632,
86649,
86666,
86682,
86699,
86716,
86732,
86748,
86765,
86782,
86798,
86814,
86832,
86849,
86865,
86882,
86899,
86914,
86930,
86948,
86964,
86980,
86997,
87014,
100000,
100016,
100033,
100050,
100066,
100083,
100100,
100117,
100133,
100149,
100166,
100183,
100199,
100216,
100232,
100250,
100267,
100283,
100299,
100317,
100332,
100349,
100366,
100382,
100399,
100416,
100432,
100449,
100466,
100483,
100500,
100516,
100532,
100550,
100567,
100583,
100599,
100616,
100633,
100649,
100667,
100683,
100700,
100717,
100732,
100750,
100766,
100783,
100799,
100816,
100832,
100850,
100866,
100883,
100900,
100917,
100933,
100950,
100966,
100982,
100999,
101016,
101033,
101049,
101068,
101082,
101099,
101116,
101132,
101149,
101166,
101183,
101199,
101216,
101233,
101250,
101266,
101282,
101300,
101316,
101332,
101350,
101367,
101382,
101400,
101416,
101433,
101450,
101467,
101482,
101500,
101516,
101533,
101550,
101566,
101583,
101600,
101616,
101632,
101650,
101666,
101682,
101700,
101716,
101732,
101749,
101765,
101783,
101800,
101817,
101832,
101850,
101867,
101883,
101900,
101916,
101932,
101949,
101966,
101983,
101999,
102016,
115001,
115017,
115034,
115051,
115068,
115084,
115101,
115117,
115134,
115151,
115168,
115183,
115201,
115217,
115234,
115251,
115268,
115284,
115301,
115317,
115334,
115350,
115367,
115384,
115401,
115418,
115434,
115450,
115467,
115484,
115501,
115517,
115534,
115551,
115567,
115584,
115601,
115618,
115634,
115651,
115667,
115685,
115701,
115717,
115735,
115750,
115767,
115784,
115801,
115818,
115834,
115851,
115868,
115884,
115901,
115926,
115933,
115949,
115967,
115983,
116000,
116017,
116034,
116051,
116067,
116084,
116101,
116117,
116135,
116151,
116167,
116184,
116201,
116217,
116234,
116251,
116267,
116284,
116301,
116318,
116335,
116351,
116368,
116384,
116400,
116417,
116434,
116451,
116467,
116484,
116501,
116517,
116534,
116551,
116568,
116584,
116601,
116617,
116635,
116650,
116668,
116684,
116701,
116718,
116735,
116750,
116768,
116784,
116801,
116818,
116835,
116851,
116867,
116884,
116901,
116918,
116934,
116951,
116967,
116984,
117001,
130003,
130019,
130036,
130052,
130070,
130084,
130101,
130117,
130135,
130151,
130168,
130184,
130202,
130218,
130235,
130252,
130269,
130286,
130302,
130319,
130336,
130353,
130368,
130385,
130403,
130418,
130436,
130452,
130469,
130486,
130502,
130519,
130535,
130553,
130569,
130586,
130602,
130618,
130636,
130653,
130669,
130686,
130702,
130719,
130735,
130753,
130769,
130785,
130803,
130819,
130835,
130852,
130869,
130886,
130902,
130919,
130936,
130952,
130969,
130986,
131002,
131019,
131035,
131052,
131068,
131085,
131103,
131119,
131136,
131152,
131169,
131185,
131202,
131219,
131236,
131252,
131269,
131286,
131302,
131319,
131336,
131352,
131369,
131386,
131402,
131419,
131436,
131451,
131468,
131485,
131503,
131519,
131536,
131553,
131569,
131586,
131603,
131618,
131636,
131652,
131669,
131686,
131702,
131719,
131735,
131753,
131769,
131786,
131803,
131819,
131835,
131853,
131869,
131885,
131903,
131919,
131935,
131952,
131968,
131986,
132002,
145004,
145020,
145037,
145054,
145070,
145087,
145103,
145120,
145137,
145154,
145170,
145188,
145203,
145220,
145237,
145253,
145272,
145287,
145303,
145321,
145337,
145354,
145371,
145387,
145404,
145420,
145438,
145454,
145471,
145488,
145504,
145521,
145538,
145554,
145571,
145587,
145605,
145621,
145637,
145654,
145671,
145688,
145704,
145720,
145737,
145755,
145771,
145788,
145805,
145821,
145838,
145855,
145871,
145886,
145905,
145920,
145937,
145955,
145969,
145987,
146005,
146019,
146036,
146054,
146071,
146087,
146104,
146120,
146137,
146154,
146171,
146188,
146205,
146220,
146238,
146254,
146271,
146287,
146304,
146321,
146337,
146353,
146370,
146387,
146405,
146421,
146438,
146454,
146471,
146487,
146504,
146521,
146537,
146554,
146571,
146587,
146604,
146621,
146637,
146654,
146670,
146687,
146704,
146721,
146737,
146754,
146771,
146787,
146804,
146821,
146837,
146853,
146871,
146888,
146904,
146921,
146938,
146955,
146971,
146988,
147004,
160005,
160022,
160038,
160055,
175006,
175023,
175040,
175056,
190007,
190024,
190041,
190058,
205010,
205026,
205043,
205060,
220012,
220027,
220045,
220061,
235012,
235029,
235046,
235063,
250014,
250030,
250048,
250064,
265016,
265032,
265049,
265066,
280015,
280032,
280048,
280065,
295015,
295031,
295049,
295065,
310000,
310016,
310033,
310050,
310066,
310081,
310098,
310115,
310133,
310150,
310166,
310183,
310200,
310216,
310233,
310250,
310267,
310283,
310300,
310316,
310332,
310349,
310366,
310383,
310399,
310417,
310433,
310449,
310466,
310482,
310499,
310516,
310533,
310549,
310566,
310583,
310600,
310615,
310632,
310649,
310666,
310683,
310699,
310716,
310733,
310750,
310765,
310782,
310799,
310816,
310833,
310849,
310866,
310883,
310899,
310916,
310933,
310950,
310966,
310983,
311000,
311000,
311016,
311033,
311049,
311066,
311066,
311082,
311099,
311115,
311131,
311149,
311166,
311183,
311200,
311216,
311232,
311249,
311266,
311282,
311299,
311316,
311333,
311349,
311365,
311382,
311400,
311416,
311433,
311450,
311466,
311483,
311500,
311516,
311533,
311550,
311566,
311582,
311599,
311616,
311632,
311649,
311666,
311681,
311700,
311716,
311732,
311750,
311767,
311782,
311798,
311815,
311832,
311849,
311866,
311883,
311899,
311916,
311933,
311949,
311966,
311983,
311999,
312016,
325000,
325016,
325033,
325050,
325066,
325082,
325099,
325116,
325132,
325149,
325166,
325183,
325200,
325217,
325233,
325249,
325266,
325283,
325300,
325317,
325331,
325352,
325366,
325383,
325399,
325416,
325433,
325449,
325466,
325483,
325500,
325517,
325533,
325549,
325566,
325583,
325599,
325616,
325633,
325649,
325666,
325683,
325699,
325716,
325732,
325749,
325766,
325783,
325800,
325816,
325833,
325849,
325866,
325883,
325899,
325916,
325933,
325949,
325966,
325983,
326000,
326000,
326016,
326032,
326049,
326066,
326066,
326082,
326099,
326116,
326133,
326149,
326166,
326183,
326200,
326216,
326232,
326249,
326266,
326283,
326299,
326316,
326332,
326349,
326366,
326383,
326399,
326416,
326432,
326449,
326466,
326483,
326500,
326516,
326533,
326550,
326567,
326583,
326600,
326616,
326633,
326649,
326666,
326683,
326699,
326716,
326733,
326750,
326767,
326782,
326799,
326816,
326833,
326849,
326866,
326883,
326899,
326916,
326933,
326949,
326967,
326982,
326999,
327016,
340015,
340032,
340049,
340069,
340082,
340100,
340116,
340132,
340152,
340166,
340183,
340199,
340215,
340232,
340249,
340265,
340282,
340299,
340316,
340331,
340349,
340365,
340382,
340399,
340418,
340432,
340449,
340465,
340482,
340499,
340515,
340533,
340549,
340565,
340582,
340599,
340616,
340632,
340649,
340665,
340682,
340699,
340715,
340732,
340749,
340765,
340782,
340799,
340816,
340833,
340849,
340865,
340882,
340899,
340915,
340932,
340949,
340966,
340982,
340999,
341016,
341016,
341032,
341049,
341065,
341065,
341082,
341099,
341116,
341132,
341149,
341165,
341186,
341199,
341215,
341235,
341249,
341266,
341283,
341299,
341315,
341332,
341349,
341365,
341382,
341398,
341415,
341432,
341448,
341465,
341482,
341499,
341516,
341532,
341549,
341566,
341582,
341599,
341615,
341632,
341649,
341665,
341683,
341699,
341716,
341732,
341751,
341765,
341782,
341799,
341815,
341832,
341848,
341866,
341882,
341899,
341916,
341932,
341949,
341965,
341982,
341999,
342015,
355004,
355021,
355038,
355055,
355070,
355087,
355104,
355121,
355138,
355155,
355171,
355189,
355204,
355222,
355238,
355255,
355271,
355289,
355304,
355321,
355338,
355355,
355371,
355388,
355404,
355422,
355438,
355455,
355471,
355488,
355505,
355521,
355538,
355555,
355571,
355588,
355605,
355621,
355638,
355655,
355671,
355688,
355705,
355722,
355738,
355754,
355771,
355788,
355805,
355822,
355838,
355855,
355872,
355888,
355905,
355921,
355938,
355955,
355971,
355988,
356004,
356004,
356021,
356038,
356055,
356055,
356071,
356088,
356104,
356121,
356137,
356154,
356171,
356188,
356205,
356221,
356238,
356255,
356271,
356288,
356304,
356322,
356338,
356355,
356371,
356389,
356404,
356422,
356438,
356455,
356472,
356488,
356505,
356521,
356538,
356555,
356571,
356588,
356604,
356621,
356638,
356655,
356671,
356688,
356705,
356722,
356737,
356755,
356771,
356788,
356804,
356821,
356838,
356854,
356871,
356888,
356904,
356921,
356938,
356955,
356972,
356988,
357004,
370004,
370021,
370038,
370054,
370071,
370087,
370104,
370121,
370138,
370155,
370171,
370188,
370204,
370221,
370237,
370255,
370271,
370288,
370305,
370321,
370338,
370355,
370371,
370388,
370404,
370421,
370438,
370455,
370471,
370488,
370505,
370522,
370538,
370555,
370571,
370588,
370605,
370621,
370638,
370654,
370672,
370688,
370705,
370722,
370738,
370754,
370771,
370788,
370804,
370821,
370838,
370855,
370871,
370887,
370904,
370921,
370938,
370955,
370972,
370988,
371004,
371004,
371021,
371038,
371054,
371054,
371071,
371087,
371104,
371121,
371138,
371155,
371172,
371188,
371205,
371221,
371237,
371254,
371272,
371288,
371305,
371321,
371338,
371355,
371371,
371388,
371404,
371422,
371438,
371454,
371471,
371488,
371504,
371521,
371538,
371554,
371571,
371588,
371605,
371621,
371638,
371655,
371671,
371687,
371705,
371721,
371738,
371755,
371771,
371788,
371805,
371821,
371838,
371854,
371871,
371888,
371904,
371921,
371938,
371955,
371971,
371988,
372005,
385013,
385029,
385045,
385063,
385079,
385096,
385112,
385129,
385145,
385162,
385180,
385195,
385213,
385228,
385245,
385262,
385278,
385295,
385312,
385330,
385346,
385362,
385378,
385395,
385411,
385428,
385445,
385462,
385479,
385495,
385511,
385528,
385545,
385563,
385579,
385596,
385612,
385629,
385646,
385662,
385678,
385695,
385711,
385730,
385746,
385763,
385779,
385796,
385812,
385829,
385845,
385862,
385878,
385895,
385912,
385928,
385945,
385962,
385978,
385996,
386013,
386030,
386046,
386062,
386079,
386095,
386112,
386129,
386145,
386161,
386178,
386196,
386212,
386228,
386245,
386262,
386278,
386295,
386312,
386328,
386345,
386363,
386379,
386395,
386411,
386428,
386445,
386462,
386478,
386495,
386512,
386529,
386546,
386562,
386578,
386595,
386613,
386628,
386645,
386662,
386679,
386696,
386713,
386729,
386744,
386762,
386779,
386795,
386811,
386828,
386845,
386862,
386879,
386896,
386913,
386929,
386945,
386963,
386978,
386996,
387012,
400013,
400030,
400046,
400063,
400079,
400095,
400112,
400129,
400146,
400163,
400179,
400196,
400213,
400231,
400246,
400263,
400279,
400296,
400312,
400330,
400346,
400363,
400379,
400396,
400413,
400430,
400446,
400463,
400480,
400496,
400513,
400530,
400546,
400563,
400579,
400595,
400612,
400630,
400646,
400663,
400679,
400696,
400713,
400730,
400745,
400763,
400779,
400796,
400813,
400830,
400846,
400864,
400880,
400896,
400913,
400930,
400946,
400963,
400980,
400996,
401012,
401012,
401030,
401046,
401064,
401064,
401078,
401095,
401113,
401130,
401146,
401163,
401180,
401197,
401213,
401230,
401246,
401263,
401280,
401297,
401313,
401329,
401346,
401363,
401379,
401396,
401413,
401429,
401446,
401463,
401479,
401497,
401512,
401529,
401546,
401564,
401579,
401596,
401612,
401629,
401645,
401663,
401680,
401697,
401712,
401729,
401746,
401764,
401779,
401796,
401813,
401830,
401846,
401863,
401879,
401896,
401912,
401929,
401946,
401963,
401979,
401996,
402012,
415013,
415029,
415046,
415063,
415079,
415098,
415113,
415129,
415145,
415162,
415179,
415195,
415212,
415228,
415245,
415262,
415279,
415296,
415312,
415329,
415346,
415363,
415379,
415396,
415414,
415429,
415447,
415463,
415479,
415495,
415511,
415529,
415546,
415563,
415579,
415596,
415613,
415630,
415646,
415663,
415680,
415696,
415713,
415730,
415747,
415763,
415779,
415796,
415812,
415829,
415846,
415862,
415880,
415896,
415912,
415930,
415945,
415962,
415979,
415995,
416012,
416052,
416056,
416071,
416088,
416104,
416121,
416137,
416154,
416171,
416188,
416205,
416221,
416237,
416255,
416271,
416288,
416304,
416321,
416338,
416355,
416371,
416389,
416406,
416422,
416438,
416455,
416472,
416489,
416505,
416521,
416538,
416554,
416571,
416587,
416604,
416621,
416638,
416655,
416672,
416688,
416705,
416722,
416738,
416755,
416772,
416789,
416805,
416821,
416837,
416855,
416872,
416888,
416904,
416921,
416937,
416954,
416971,
416988,
417006,
430006,
430022,
430039,
430054,
430072,
430088,
430104,
430122,
430139,
430155,
430171,
430189,
430205,
430221,
430238,
430256,
430272,
430289,
430305,
430321,
430338,
430355,
430372,
430389,
430405,
430422,
430439,
430456,
430472,
430488,
430505,
430521,
430538,
430555,
430572,
430588,
430605,
430622,
430638,
430655,
430672,
430688,
430705,
430721,
430737,
430755,
430771,
430787,
430805,
430821,
430838,
430855,
430872,
430888,
430905,
430922,
430938,
430955,
430972,
430989,
431006,
431006,
431022,
431038,
431055,
431055,
431072,
431089,
431105,
431122,
431138,
431155,
431171,
431188,
431205,
431221,
431238,
431254,
431271,
431287,
431305,
431322,
431338,
431355,
431372,
431388,
431406,
431422,
431439,
431455,
431472,
431489,
431505,
431522,
431539,
431556,
431573,
431588,
431604,
431621,
431638,
431655,
431671,
431688,
431704,
431722,
431739,
431756,
431772,
431789,
431807,
431822,
431839,
431855,
431872,
431888,
431905,
431923,
431939,
431956,
431973,
431988,
432005,
445002,
445019,
445036,
445052,
445069,
445084,
445102,
445119,
445135,
445152,
445169,
445185,
445202,
445219,
445235,
445252,
445268,
445285,
445302,
445319,
445336,
445352,
445368,
445385,
445402,
445419,
445435,
445452,
445469,
445486,
445502,
445519,
445536,
445552,
445569,
445585,
445602,
445619,
445636,
445651,
445668,
445685,
445702,
445718,
445735,
445751,
445769,
445785,
445801,
445819,
445835,
445852,
445868,
445885,
445902,
445918,
445935,
445952,
445969,
445986,
446002,
446018,
446035,
446052,
446068,
446085,
446102,
446117,
446135,
446152,
446169,
446185,
446202,
446219,
446235,
446252,
446269,
446285,
446302,
446319,
446335,
446352,
446369,
446385,
446402,
446418,
446435,
446452,
446469,
446485,
446502,
446518,
446535,
446552,
446568,
446585,
446602,
446618,
446635,
446652,
446669,
446685,
446702,
446719,
446735,
446752,
446768,
446785,
446802,
446819,
446835,
446851,
446868,
446885,
446903,
446919,
446935,
446951,
446969,
446986,
447002,
460002,
460019,
460035,
460052,
460069,
460084,
460102,
460118,
460135,
460152,
460169,
460186,
460202,
460219,
460236,
460251,
460268,
460285,
460302,
460319,
460335,
460352,
460368,
460386,
460402,
460419,
460435,
460451,
460468,
460485,
460502,
460518,
460536,
460552,
460569,
460585,
460602,
460619,
460635,
460652,
460669,
460686,
460702,
460718,
460735,
460752,
460768,
460785,
460802,
460819,
460835,
460852,
460868,
460885,
460901,
460918,
460936,
460951,
460969,
460985,
461002,
461002,
461018,
461036,
461052,
461053,
461068,
461085,
461103,
461118,
461135,
461151,
461169,
461186,
461202,
461219,
461235,
461252,
461268,
461285,
461302,
461319,
461336,
461352,
461368,
461385,
461402,
461419,
461435,
461452,
461469,
461486,
461502,
461519,
461536,
461552,
461569,
461585,
461602,
461619,
461635,
461652,
461668,
461685,
461702,
461719,
461735,
461752,
461768,
461786,
461802,
461819,
461835,
461852,
461868,
461885,
461902,
461919,
461935,
461952,
461968,
461985,
462002,
475002,
475019,
475036,
475053,
475069,
475085,
475102,
475119,
475135,
475152,
475169,
475186,
475202,
475219,
475236,
475252,
475269,
475286,
475303,
475319,
475335,
475352,
475369,
475386,
475402,
475419,
475436,
475452,
475469,
475486,
475502,
475518,
475535,
475552,
475569,
475586,
475602,
475619,
475636,
475653,
475669,
475685,
475703,
475719,
475735,
475752,
475769,
475785,
475802,
475819,
475836,
475852,
475868,
475885,
475902,
475919,
475935,
475952,
475969,
475985,
476002,
476002,
476019,
476036,
476052,
476053,
476068,
476085,
476102,
476119,
476136,
476152,
476169,
476185,
476202,
476219,
476235,
476252,
476269,
476285,
476302,
476319,
476334,
476352,
476368,
476385,
476402,
476419,
476436,
476451,
476469,
476485,
476502,
476518,
476536,
476553,
476568,
476586,
476602,
476619,
476636,
476652,
476669,
476685,
476703,
476719,
476736,
476752,
476769,
476786,
476803,
476819,
476836,
476852,
476869,
476886,
476902,
476919,
476935,
476952,
476969,
476985,
477001,
490001,
490018,
490035,
490051,
490068,
490085,
490102,
490119,
490136,
490152,
490169,
490186,
490202,
490218,
490235,
490251,
490268,
490285,
490301,
490319,
490335,
490353,
490369,
490386,
490403,
490419,
490436,
490453,
490469,
490485,
490501,
490518,
490535,
490551,
490568,
490586,
490601,
490618,
490635,
490652,
490668,
490685,
490703,
490719,
490735,
490752,
490768,
490786,
490802,
490819,
490835,
490852,
490869,
490886,
490902,
490919,
490936,
490951,
490969,
490985,
491001,
491001,
491018,
491035,
491051,
491051,
491069,
491085,
491102,
491119,
491136,
491153,
491169,
491185,
491203,
491219,
491236,
491253,
491270,
491285,
491303,
491319,
491336,
491352,
491369,
491386,
491402,
491419,
491436,
491451,
491468,
491484,
491502,
491518,
491535,
491551,
491568,
491585,
491602,
491619,
491636,
491652,
491669,
491686,
491702,
491720,
491735,
491752,
491769,
491786,
491803,
491819,
491836,
491852,
491869,
491886,
491903,
491920,
491935,
491952,
491969,
491986,
492002,
505003,
505021,
505036,
505054,
505069,
505087,
505102,
505121,
505137,
505152,
505171,
505186,
505204,
505220,
505237,
505253,
505271,
505286,
505304,
505320,
505337,
505353,
505369,
505388,
505402,
505421,
505436,
505454,
505470,
505485,
505503,
505520,
505537,
505553,
505571,
505586,
505604,
505620,
505636,
505653,
505671,
505687,
505703,
505721,
505735,
505753,
505769,
505786,
505804,
505821,
505835,
505853,
505869,
505885,
505902,
505919,
505937,
505952,
505970,
505986,
506004,
506019,
506036,
506054,
506070,
506087,
506104,
506119,
506136,
506153,
506171,
506185,
506203,
506221,
506237,
506252,
506270,
506287,
506304,
506320,
506337,
506352,
506370,
506387,
506403,
506420,
506435,
506453,
506469,
506486,
506504,
506519,
506537,
506553,
506569,
506586,
506603,
506620,
506635,
506653,
506670,
506686,
506702,
506719,
506736,
506753,
506770,
506786,
506802,
506819,
506837,
506853,
506869,
506886,
506904,
506920,
506936,
506952,
506969,
506986,
507003,
520003,
520019,
520036,
520053,
520070,
520086,
520102,
520119,
520136,
520153,
520169,
520186,
520203,
520219,
520236,
520253,
520269,
520286,
520303,
520320,
520336,
520353,
520369,
520386,
520403,
520419,
520436,
520453,
520469,
520486,
520503,
520520,
520536,
520552,
520569,
520586,
520603,
520620,
520636,
520653,
520669,
520686,
520703,
520720,
520737,
520753,
520770,
520787,
520803,
520819,
520836,
520853,
520870,
520886,
520903,
520920,
520936,
520953,
520970,
520986,
521003,
521003,
521020,
521036,
521053,
521053,
521069,
521086,
521102,
521120,
521136,
521153,
521169,
521186,
521203,
521219,
521237,
521252,
521269,
521286,
521303,
521320,
521337,
521353,
521370,
521387,
521403,
521419,
521436,
521453,
521470,
521486,
521502,
521519,
521537,
521553,
521569,
521586,
521602,
521619,
521637,
521653,
521670,
521687,
521703,
521720,
521737,
521753,
521770,
521786,
521802,
521819,
521836,
521853,
521869,
521886,
521903,
521919,
521936,
521952,
521970,
521987,
522003,
535002,
535019,
535035,
535052,
535069,
535085,
535102,
535119,
535136,
535153,
535170,
535187,
535204,
535220,
535237,
535253,
535269,
535286,
535303,
535320,
535336,
535354,
535370,
535387,
535402,
535420,
535437,
535453,
535470,
535487,
535503,
535520,
535536,
535552,
535569,
535585,
535602,
535619,
535635,
535652,
535669,
535686,
535703,
535720,
535736,
535754,
535770,
535787,
535803,
535820,
535836,
535852,
535869,
535886,
535902,
535919,
535935,
535952,
535969,
535986,
536003,
536003,
536020,
536036,
536053,
536053,
536070,
536086,
536103,
536120,
536136,
536153,
536169,
536186,
536203,
536219,
536236,
536253,
536270,
536287,
536303,
536320,
536336,
536353,
536370,
536387,
536402,
536419,
536436,
536453,
536470,
536487,
536503,
536520,
536537,
536553,
536570,
536587,
536607,
536618,
536635,
536653,
536670,
536686,
536702,
536719,
536736,
536752,
536770,
536787,
536803,
536820,
536835,
536852,
536868,
536886,
536902,
536918,
536936,
536952,
536969,
536986,
537003,
550003,
550019,
550036,
550053,
550070,
550086,
550103,
550119,
550135,
550153,
550169,
550185,
550202,
550219,
550236,
550252,
550269,
550286,
550303,
550318,
550336,
550352,
550369,
550386,
550402,
550419,
550436,
550452,
550469,
550486,
550503,
550519,
550536,
550553,
550570,
550586,
550604,
550619,
550636,
550653,
550669,
550686,
550702,
550720,
550736,
550753,
550770,
550788,
550803,
550820,
550837,
550852,
550870,
550886,
550902,
550919,
550936,
550952,
550969,
550986,
551002,
551002,
551019,
551036,
551053,
551053,
551069,
551086,
551103,
551119,
551136,
551152,
551169,
551186,
551202,
551219,
551236,
551253,
551270,
551286,
551303,
551319,
551336,
551353,
551370,
551387,
551403,
551420,
551437,
551453,
551470,
551486,
551503,
551519,
551536,
551553,
551569,
551585,
551603,
551619,
551635,
551653,
551669,
551685,
551703,
551720,
551736,
551753,
551769,
551787,
551802,
551820,
551836,
551852,
551869,
551886,
551903,
551920,
551936,
551952,
551969,
551986,
552003,
565013,
565030,
565046,
565063,
565079,
565097,
565113,
565129,
565147,
565164,
565180,
565197,
565213,
565230,
565246,
565263,
565280,
565297,
565313,
565330,
565346,
565363,
565381,
565396,
565413,
565429,
565446,
565463,
565480,
565496,
565513,
565530,
565547,
565564,
565581,
565596,
565613,
565630,
565647,
565664,
565680,
565696,
565713,
565729,
565745,
565762,
565779,
565796,
565813,
565829,
565845,
565863,
565879,
565896,
565913,
565930,
565947,
565963,
565981,
565996,
566012,
566029,
566046,
566063,
566079,
566097,
566112,
566129,
566146,
566162,
566179,
566196,
566212,
566231,
566246,
566262,
566282,
566297,
566312,
566329,
566346,
566364,
566379,
566396,
566413,
566429,
566446,
566463,
566479,
566496,
566513,
566530,
566547,
566563,
566580,
566604,
566613,
566630,
566647,
566662,
566679,
566696,
566713,
566730,
566746,
566763,
566780,
566796,
566813,
566829,
566847,
566863,
566879,
566896,
566913,
566930,
566946,
566963,
566980,
566996,
567013,
580013,
580030,
580046,
580065,
580080,
580096,
580113,
580130,
580146,
580163,
580180,
580196,
580214,
580231,
580246,
580263,
580279,
580297,
580313,
580329,
580346,
580363,
580380,
580396,
580413,
580429,
580446,
580464,
580480,
580497,
580513,
580530,
580546,
580563,
580579,
580597,
580613,
580631,
580646,
580664,
580680,
580696,
580712,
580729,
580746,
580763,
580781,
580797,
580814,
580830,
580846,
580864,
580880,
580897,
580913,
580930,
580947,
580963,
580980,
580997,
581014,
581014,
581030,
581047,
581064,
581064,
581080,
581097,
581114,
581130,
581147,
581164,
581180,
581196,
581213,
581229,
581246,
581263,
581280,
581296,
581313,
581329,
581346,
581363,
581379,
581396,
581413,
581430,
581446,
581462,
581480,
581496,
581513,
581529,
581546,
581563,
581580,
581596,
581613,
581630,
581647,
581664,
581681,
581697,
581714,
581729,
581746,
581763,
581779,
581796,
581813,
581829,
581847,
581863,
581880,
581896,
581913,
581930,
581946,
581964,
581980,
581997,
582013,
595014,
595031,
595047,
595064,
595079,
595096,
595113,
595130,
595146,
595164,
595180,
595197,
595214,
595231,
595247,
595263,
595280,
595298,
595313,
595330,
595347,
595363,
595380,
595397,
595414,
595431,
595447,
595463,
595480,
595497,
595514,
595531,
595547,
595563,
595580,
595597,
595614,
595631,
595648,
595663,
595680,
595696,
595714,
595730,
595747,
595764,
595780,
595797,
595813,
595830,
595846,
595864,
595880,
595898,
595913,
595930,
595947,
595964,
595981,
595998,
596013,
596014,
596030,
596047,
596064,
596064,
596080,
596097,
596114,
596131,
596147,
596164,
596181,
596197,
596213,
596230,
596247,
596264,
596280,
596298,
596314,
596331,
596348,
596363,
596381,
596397,
596413,
596430,
596447,
596464,
596481,
596497,
596515,
596536,
596546,
596562,
596580,
596596,
596613,
596629,
596647,
596664,
596680,
596697,
596714,
596730,
596747,
596764,
596780,
596797,
596814,
596830,
596847,
596864,
596881,
596897,
596914,
596930,
596947,
596964,
596981,
596997,
597013,
605014,
605029,
605047,
605064,
605080,
605097,
605114,
605131,
605147,
605164,
605180,
605197,
605214,
605230,
605247,
605264,
605280,
605297,
605314,
605331,
605348,
605363,
605380,
605397,
605414,
605430,
605448,
605464,
605480,
605497,
605514,
605530,
605547,
605565,
605580,
605597,
605614,
605629,
605647,
605664,
605681,
605697,
605714,
605729,
605747,
605763,
605779,
605796,
605813,
605831,
605847,
605863,
605880,
605897,
605914,
605931,
605947,
605964,
605980,
605997,
606014,
606030,
606048,
606063,
606080,
606097,
606113,
606130,
606147,
606164,
606181,
606197,
606214,
606231,
606248,
606263,
606280,
606297,
606314,
606331,
606347,
606364,
606380,
606397,
606413,
606430,
606447,
606463,
606480,
606497,
606513,
606530,
606547,
606564,
606580,
606597,
606613,
606630,
606646,
606664,
606681,
606696,
606713,
606730,
606747,
606764,
606780,
606796,
606814,
606829,
606846,
606863,
606880,
606896,
606913,
606930,
606946,
606963,
606980,
606996,
607013,
620016,
620031,
620050,
620064,
620082,
620097,
620116,
620131,
620149,
620165,
620183,
620199,
620215,
620232,
620249,
620263,
620282,
620299,
620316,
620332,
620349,
620366,
620382,
620399,
620416,
620431,
620449,
620465,
620492,
620500,
620514,
620530,
620547,
620564,
620581,
620597,
620615,
620630,
620647,
620664,
620681,
620698,
620715,
620731,
620748,
620766,
620781,
620797,
620815,
620831,
620848,
620864,
620882,
620899,
620915,
620932,
620949,
620965,
620982,
620998,
621016,
621032,
621049,
621065,
621080,
621099,
621115,
621132,
621148,
621164,
621181,
621197,
621214,
621230,
621247,
621264,
621282,
621297,
621314,
621330,
621347,
621364,
621382,
621397,
621414,
621430,
621448,
621464,
621480,
621498,
621515,
621531,
621548,
621564,
621583,
621597,
621614,
621632,
621648,
621664,
621681,
621698,
621715,
621731,
621748,
621765,
621781,
621797,
621814,
621831,
621849,
621865,
621882,
621898,
621915,
621933,
621949,
621965,
621983,
621997,
622015,
635015,
635031,
635048,
635065,
635081,
635098,
635114,
635131,
635148,
635165,
635181,
635198,
635215,
635231,
635247,
635264,
635281,
635296,
635314,
635330,
635347,
635365,
635381,
635397,
635414,
635431,
635448,
635465,
635481,
635497,
635515,
635531,
635548,
635565,
635581,
635598,
635615,
635631,
635648,
635664,
635681,
635697,
635714,
635731,
635748,
635765,
635781,
635798,
635814,
635831,
635848,
635864,
635881,
635897,
635914,
635931,
635947,
635964,
635981,
635997,
636014,
636031,
636047,
636065,
636080,
636098,
636114,
636131,
636148,
636165,
636182,
636197,
636214,
636231,
636248,
636265,
636281,
636297,
636314,
636331,
636348,
636364,
636381,
636398,
636414,
636431,
636447,
636464,
636481,
636499,
636514,
636531,
636547,
636564,
636581,
636598,
636615,
636631,
636647,
636664,
636681,
636698,
636715,
636731,
636747,
636764,
636781,
636798,
636815,
636831,
636848,
636865,
636881,
636897,
636915,
636931,
636949,
636965,
636980,
636997,
637013,
650013,
650030,
650048,
650066,
650080,
650097,
650114,
650131,
650147,
650164,
650180,
650198,
650214,
650230,
650247,
650265,
650280,
650297,
650314,
650331,
650347,
650365,
650382,
650397,
650414,
650430,
650448,
650464,
650481,
650498,
650514,
650532,
650548,
650563,
650583,
650598,
650614,
650631,
650646,
650665,
650681,
650698,
650715,
650731,
650747,
650764,
650781,
650799,
650815,
650832,
650847,
650865,
650882,
650898,
650914,
650932,
650948,
650964,
650981,
650997,
651014,
651030,
651047,
651065,
651081,
651097,
651115,
651131,
651147,
651164,
651181,
651197,
651214,
651230,
651249,
651264,
651281,
651297,
651314,
651330,
651348,
651364,
651381,
651398,
651414,
651431,
651447,
651464,
651481,
651498,
651514,
651530,
651548,
651564,
651581,
651598,
651615,
651630,
651648,
651665,
651681,
651698,
651715,
651731,
651748,
651764,
651780,
651797,
651814,
651831,
651848,
651865,
651881,
651898,
651915,
651931,
651948,
651965,
651980,
651999,
652014,
665014