300010,
304011,
360005,
364006,
420007,
424008,
480002,
484003,
540005,
544006,
600000,
604001,
660003,
664004,
720006,
724007,
780001,
784002,
840003,
844004,
900006,
900017,
960002,
960013,
1020007,
1020018,
1080003,
1080014,
1140000,
1140011,
1200005,
1200016,
1260001,
1260012,
1320006,
1320017,
1380002,
1380013,
1440007,
1440018,
1500003,
1502004,
1502015,
1504006,
1560000,
1562001,
1562012,
1564003,
1620005,
1622006,
1622017,
1624008,
1680002,
1684003,
1740005,
1742006,
1742017,
1744008,
1800001,
1802002,
1802013,
1804004,
1860006,
1862007,
1862018,
1864009,
1920002,
1922003,
1922014,
1924005,
1980007,
1982008,
1982019,
1984010,
2040004,
2042005,
2042016,
2044007,
2100001,
2102002,
2102013,
2104004,
2160006,
2162007,
2162018,
2164009,
2220002,
2222003,
2222014,
2224005,
2280007,
2282008,
2282019,
2284010,
2340003,
2342004,
2342015,
2344006,
2400000,
2402001,
2402012,
2404003,
2460005,
2464006,
2520000,
2522001,
2522012,
2524003,
2580005,
2582006,
2582017,
2584008,
2640002,
2642003,
2642014,
2644005,
2700007,
2702008,
2702019,
2704010,
2760003,
2762004,
2762015,
2764006,
2820000,
2822001,
2822012,
2824003,
2880004,
2882005,
2882016,
2884007,
2940001,
2942002,
2942013,
2944004,
3000006,
3002007,
3002018,
3004009,
3060003,
3062004,
3062015,
3064006,
3120000,
3122001,
3122012,
3124003,
3180004,
3184005,
3240008,
3242009,
3242020,
3244011,
3300004,
3302005,
3302016,
3304007,
3360001,
3362002,
3362013,
3364004,
3420006,
3422007,
3422018,
3424009,
3480003,
3482004,
3482015,
3484006,
3540000,
3544001,
3600003,
3602004,
3602015,
3604006,
3660000,
3662001,
3662012,
3664003,
3720004,
3722005,
3722016,
3724007,
3780001,
3782002,
3782013,
3784004,
3840005,
3842006,
3842017,
3844008,
3900002,
3902003,
3902014,
3904005,
3960007,
3962008,
3962019,
3964010,
4020004,
4022005,
4022016,
4024007,
4080001,
4082002,
4082013,
4084004,
4140005,
4142006,
4142017,
4144008,
4200002,
4202003,
4202014,
4204005,
4260006,
4264007,
4320001,
4322002,
4322013,
4324004,
4380006,
4382007,
4382018,
4384009,
4440003,
4442004,
4442015,
4444006,
4500000,
4502001,
4502012,
4504003,
4560005,
4562006,
4562017,
4564008,
4620002,
4622003,
4622014,
4624005,
4680006,
4682007,
4682018,
4684009,
4740003,
4744004,
4800005,
4802006,
4802017,
4804008,
4860002,
4862003,
4862014,
4864005,
4920007,
4922008,
4922019,
4924010,
4980004,
4982005,
4982016,
4984007,
5040001,
5042002,
5042013,
5044004,
5340000,
5344001,
5400003,
5404004,
5460006,
5464007,
5520001,
5524002,
5580004,
5584005,
5640006,
5644007,
5700001,
5704002,
5760004,
5764005,
5820007,
5824008,
5880002,
5884003,
