0.026666667,
0.053333335,
0.08,
0.10666667,
0.13333334,
0.16000001,
0.18666668,
0.21333335,
0.24000002,
0.26666668,
0.29333335,
0.32000002,
0.3466667,
0.37333336,
0.40000004,
0.4266667,
0.45333338,
0.48000005,
0.5066667,
0.53333336,
0.56,
0.58666664,
0.6133333,
0.6399999,
0.66666657,
0.6933332,
0.71999985,
0.7466665,
0.77333313,
0.7999998,
0.8266664,
0.85333306,
0.8799997,
0.90666634,
0.933333,
0.9599996,
0.98666626,
1.013333,
1.0399996,
1.0666662,
1.0933329,
1.1199995,
1.1466662,
1.1733328,
1.1999995,
1.2266661,
1.2533327,
1.2799994,
1.306666,
1.3333327,
1.3599993,
1.3866659,
1.4133326,
1.4399992,
1.4666659,
1.4933325,
1.5199991,
1.5466658,
1.5733324,
1.5999991,
1.6266657,
1.6533324,
1.679999,
1.7066656,
1.7333323,
1.7599989,
1.7866656,
1.8133322,
1.8399988,
1.8666655,
1.8933321,
1.9199988,
1.9466654,
1.973332,
1.9999987,
2.0266654,
2.053332,
2.0799987,
2.1066654,
2.133332,
2.1599987,
2.1866653,
2.213332,
2.2399986,
2.2666652,
2.2933319,
2.3199985,
2.3466651,
2.3733318,
2.3999984,
2.426665,
2.4533317,
2.4799984,
2.506665,
2.5333316,
2.5599983,
2.586665,
2.6133316,
2.6399982,
2.6666648,
2.6933315,
2.7199981,
2.7466648,
2.7733314,
2.799998,
2.8266647,
2.8533313,
2.879998,
2.9066646,
2.9333313,
2.959998,
2.9866645,
3.0133312,
3.0399978,
3.0666645,
3.093331,
3.1199977,
3.1466644,
3.173331,
3.1999977,
3.2266643,
3.253331,
3.2799976,
3.3066642,
3.3333309,
3.3599975,
3.3866642,
3.4133308,
3.4399974,
3.466664,
3.4933307,
3.5199974,
3.546664,
3.5733306,
3.5999973,
3.626664,
3.6533306,
3.6799972,
3.7066638,
3.7333305,
3.7599971,
3.7866638,
3.8133304,
3.839997,
3.8666637,
3.8933303,
