1438,
1446,
1468,
1497,
1524,
1548,
1572,
1600,
1641,
1680,
1743,
1770,
1800,
1822,
1845,
1868,
1892,
1916,
1940,
1964,
1986,
2010,
2035,
2057,
2081,
2106,
2129,
2153,
2176,
2200,
2223,
2248,
2271,
2295,
2318,
2341,
2366,
2388,
2411,
2436,
2458,
2482,
2506,
2529,
2552,
2576,
2600,
2624,
2648,
2672,
2694,
2718,
2741,
2765,
2790,
2815,
2839,
2861,
2885,
2909,
2931,
2955,
2979,
3002,
3026,
3050,
3074,
3097,
3119,
3144,
3167,
3191,
3215,
3238,
3262,
3285,
3310,
3333,
3357,
3382,
3404,
3428,
3451,
3475,
3499,
3523,
3547,
3570,
3594,
3617,
3640,
3665,
3688,
3711,
3735,
3758,
3782,
3805,
3828,
3852,
3875,
3899,
3923,
3945,
3969,
3993,
4016,
4040,
4065,
4088,
4111,
4135,
4159,
4182,
4206,
4230,
4254,
4276,
4300,
4323,
4346,
4369,
4392,
4416,
4441,
4465,
4487,
4512,
4535,
4560,
4583,
4607,
4631,
4654,
4679,
4703,
4727,
4751,
4775,
4799,
4821,
4846,
4868,
4892,
4916,
4941,
